score;completeness;rescuebot_action;rescuebot_location;ben_action;ben_location;world_nr;tick_nr
0;0.0;;(22, 11);;(22, 12);1;0
0;0.0;;(22, 11);;(22, 12);1;1
0;0.0;;(22, 11);;(22, 12);1;2
0;0.0;;(22, 11);;(22, 12);1;3
0;0.0;;(22, 11);;(22, 12);1;4
0;0.0;;(22, 11);;(22, 12);1;5
0;0.0;;(22, 11);;(22, 12);1;6
0;0.0;;(22, 11);;(22, 12);1;7
0;0.0;;(22, 11);;(22, 12);1;8
0;0.0;;(22, 11);;(22, 12);1;9
0;0.0;;(22, 11);;(22, 12);1;10
0;0.0;;(22, 11);;(22, 12);1;11
0;0.0;;(22, 11);;(22, 12);1;12
0;0.0;;(22, 11);;(22, 12);1;13
0;0.0;;(22, 11);;(22, 12);1;14
0;0.0;;(22, 11);;(22, 12);1;15
0;0.0;;(22, 11);;(22, 12);1;16
0;0.0;;(22, 11);;(22, 12);1;17
0;0.0;;(22, 11);;(22, 12);1;18
0;0.0;;(22, 11);;(22, 12);1;19
0;0.0;;(22, 11);;(22, 12);1;20
0;0.0;;(22, 11);;(22, 12);1;21
0;0.0;;(22, 11);;(22, 12);1;22
0;0.0;;(22, 11);;(22, 12);1;23
0;0.0;;(22, 11);;(22, 12);1;24
0;0.0;;(22, 11);;(22, 12);1;25
0;0.0;;(22, 11);;(22, 12);1;26
0;0.0;;(22, 11);;(22, 12);1;27
0;0.0;;(22, 11);;(22, 12);1;28
0;0.0;;(22, 11);;(22, 12);1;29
0;0.0;;(22, 11);;(22, 12);1;30
0;0.0;;(22, 11);;(22, 12);1;31
0;0.0;;(22, 11);;(22, 12);1;32
0;0.0;;(22, 11);;(22, 12);1;33
0;0.0;;(22, 11);;(22, 12);1;34
0;0.0;;(22, 11);;(22, 12);1;35
0;0.0;;(22, 11);;(22, 12);1;36
0;0.0;;(22, 11);;(22, 12);1;37
0;0.0;;(22, 11);;(22, 12);1;38
0;0.0;;(22, 11);;(22, 12);1;39
0;0.0;;(22, 11);;(22, 12);1;40
0;0.0;;(22, 11);;(22, 12);1;41
0;0.0;;(22, 11);;(22, 12);1;42
0;0.0;;(22, 11);;(22, 12);1;43
0;0.0;;(22, 11);;(22, 12);1;44
0;0.0;;(22, 11);;(22, 12);1;45
0;0.0;;(22, 11);;(22, 12);1;46
0;0.0;;(22, 11);;(22, 12);1;47
0;0.0;;(22, 11);;(22, 12);1;48
0;0.0;;(22, 11);;(22, 12);1;49
0;0.0;;(22, 11);;(22, 12);1;50
0;0.0;;(22, 11);;(22, 12);1;51
0;0.0;;(22, 11);;(22, 12);1;52
0;0.0;;(22, 11);;(22, 12);1;53
0;0.0;;(22, 11);;(22, 12);1;54
0;0.0;;(22, 11);;(22, 12);1;55
0;0.0;;(22, 11);;(22, 12);1;56
0;0.0;;(22, 11);;(22, 12);1;57
0;0.0;;(22, 11);;(22, 12);1;58
0;0.0;;(22, 11);;(22, 12);1;59
0;0.0;;(22, 11);;(22, 12);1;60
0;0.0;;(22, 11);;(22, 12);1;61
0;0.0;;(22, 11);;(22, 12);1;62
0;0.0;;(22, 11);;(22, 12);1;63
0;0.0;;(22, 11);;(22, 12);1;64
0;0.0;;(22, 11);;(22, 12);1;65
0;0.0;;(22, 11);;(22, 12);1;66
0;0.0;;(22, 11);;(22, 12);1;67
0;0.0;;(22, 11);;(22, 12);1;68
0;0.0;;(22, 11);;(22, 12);1;69
0;0.0;;(22, 11);;(22, 12);1;70
0;0.0;;(22, 11);;(22, 12);1;71
0;0.0;;(22, 11);;(22, 12);1;72
0;0.0;;(22, 11);;(22, 12);1;73
0;0.0;;(22, 11);;(22, 12);1;74
0;0.0;;(22, 11);;(22, 12);1;75
0;0.0;;(22, 11);;(22, 12);1;76
0;0.0;;(22, 11);;(22, 12);1;77
0;0.0;;(22, 11);;(22, 12);1;78
0;0.0;;(22, 11);;(22, 12);1;79
0;0.0;;(22, 11);;(22, 12);1;80
0;0.0;;(22, 11);;(22, 12);1;81
0;0.0;;(22, 11);;(22, 12);1;82
0;0.0;;(22, 11);;(22, 12);1;83
0;0.0;;(22, 11);;(22, 12);1;84
0;0.0;;(22, 11);;(22, 12);1;85
0;0.0;;(22, 11);MoveWest;(21, 12);1;86
0;0.0;;(22, 11);;(21, 12);1;87
0;0.0;;(22, 11);MoveNorth;(21, 11);1;88
0;0.0;;(22, 11);;(21, 11);1;89
0;0.0;;(22, 11);;(21, 11);1;90
0;0.0;;(22, 11);MoveWest;(20, 11);1;91
0;0.0;;(22, 11);MoveNorth;(20, 10);1;92
0;0.0;MoveNorth;(22, 11);;(20, 10);1;93
0;0.0;MoveNorth;(22, 11);MoveWest;(19, 10);1;94
0;0.0;MoveNorth;(22, 11);MoveNorth;(19, 9);1;95
0;0.0;MoveNorth;(22, 11);;(19, 9);1;96
0;0.0;MoveNorth;(22, 11);;(19, 9);1;97
0;0.0;MoveNorth;(22, 11);;(19, 9);1;98
0;0.0;MoveNorth;(22, 11);;(19, 9);1;99
0;0.0;MoveNorth;(22, 11);;(19, 9);1;100
0;0.0;MoveNorth;(22, 10);MoveWest;(19, 9);1;101
0;0.0;MoveNorth;(22, 10);MoveWest;(19, 9);1;102
0;0.0;MoveNorth;(22, 10);MoveWest;(19, 9);1;103
0;0.0;MoveNorth;(22, 10);MoveWest;(19, 9);1;104
0;0.0;MoveNorth;(22, 10);MoveWest;(19, 9);1;105
0;0.0;MoveNorth;(22, 10);MoveWest;(18, 9);1;106
0;0.0;MoveNorth;(22, 10);MoveNorth;(18, 9);1;107
0;0.0;MoveNorth;(22, 10);MoveNorth;(18, 9);1;108
0;0.0;MoveNorth;(22, 10);MoveNorth;(18, 9);1;109
0;0.0;MoveNorth;(22, 9);MoveNorth;(18, 9);1;110
0;0.0;MoveNorth;(22, 9);MoveNorth;(18, 9);1;111
0;0.0;MoveNorth;(22, 9);MoveNorth;(18, 8);1;112
0;0.0;MoveNorth;(22, 9);MoveNorth;(18, 7);1;113
0;0.0;MoveNorth;(22, 9);;(18, 7);1;114
0;0.0;MoveNorth;(22, 9);MoveNorth;(18, 6);1;115
0;0.0;MoveNorth;(22, 9);;(18, 6);1;116
0;0.0;MoveNorth;(22, 9);;(18, 6);1;117
0;0.0;MoveNorth;(22, 9);;(18, 6);1;118
0;0.0;MoveNorth;(22, 8);;(18, 6);1;119
0;0.0;MoveNorth;(22, 8);MoveWest;(17, 6);1;120
0;0.0;MoveNorth;(22, 8);MoveWest;(16, 6);1;121
0;0.0;MoveNorth;(22, 8);;(16, 6);1;122
0;0.0;MoveNorth;(22, 8);MoveWest;(15, 6);1;123
0;0.0;MoveNorth;(22, 8);MoveWest;(14, 6);1;124
0;0.0;MoveNorth;(22, 8);;(14, 6);1;125
0;0.0;MoveNorth;(22, 8);MoveWest;(13, 6);1;126
0;0.0;MoveNorth;(22, 8);;(13, 6);1;127
0;0.0;MoveNorth;(22, 7);;(13, 6);1;128
0;0.0;MoveNorthWest;(22, 7);;(13, 6);1;129
0;0.0;MoveNorthWest;(22, 7);;(13, 6);1;130
0;0.0;MoveNorthWest;(22, 7);;(13, 6);1;131
0;0.0;MoveNorthWest;(22, 7);;(13, 6);1;132
0;0.0;MoveNorthWest;(22, 7);MoveWest;(12, 6);1;133
0;0.0;MoveNorthWest;(22, 7);;(12, 6);1;134
0;0.0;MoveNorthWest;(22, 7);MoveWest;(12, 6);1;135
0;0.0;MoveNorthWest;(22, 7);MoveWest;(12, 6);1;136
0;0.0;MoveNorthWest;(21, 6);MoveWest;(12, 6);1;137
0;0.0;MoveNorth;(21, 6);MoveWest;(12, 6);1;138
0;0.0;MoveNorth;(21, 6);MoveWest;(12, 6);1;139
0;0.0;MoveNorth;(21, 6);MoveWest;(11, 6);1;140
0;0.0;MoveNorth;(21, 6);MoveWest;(11, 6);1;141
0;0.0;MoveNorth;(21, 6);MoveWest;(11, 6);1;142
0;0.0;MoveNorth;(21, 6);MoveWest;(11, 6);1;143
0;0.0;MoveNorth;(21, 6);MoveWest;(11, 6);1;144
0;0.0;MoveNorth;(21, 6);MoveWest;(11, 6);1;145
0;0.0;MoveNorth;(21, 5);MoveWest;(10, 6);1;146
0;0.0;MoveNorth;(21, 5);MoveWest;(10, 6);1;147
0;0.0;MoveNorth;(21, 5);MoveWest;(10, 6);1;148
0;0.0;MoveNorth;(21, 5);MoveWest;(10, 6);1;149
0;0.0;MoveNorth;(21, 5);MoveWest;(10, 6);1;150
0;0.0;MoveNorth;(21, 5);MoveWest;(10, 6);1;151
0;0.0;MoveNorth;(21, 5);MoveWest;(9, 6);1;152
0;0.0;MoveNorth;(21, 5);MoveWest;(8, 6);1;153
0;0.0;MoveNorth;(21, 5);;(8, 6);1;154
0;0.0;MoveNorth;(21, 4);;(8, 6);1;155
0;0.0;MoveNorthWest;(21, 4);;(8, 6);1;156
0;0.0;MoveNorthWest;(21, 4);;(8, 6);1;157
0;0.0;MoveNorthWest;(21, 4);MoveWest;(7, 6);1;158
0;0.0;MoveNorthWest;(21, 4);;(7, 6);1;159
0;0.0;MoveNorthWest;(21, 4);;(7, 6);1;160
0;0.0;MoveNorthWest;(21, 4);MoveWest;(6, 6);1;161
0;0.0;MoveNorthWest;(21, 4);;(6, 6);1;162
0;0.0;MoveNorthWest;(21, 4);MoveWest;(5, 6);1;163
0;0.0;MoveNorthWest;(20, 3);;(5, 6);1;164
0;0.0;MoveNorth;(20, 3);;(5, 6);1;165
0;0.0;MoveNorth;(20, 3);;(5, 6);1;166
0;0.0;MoveNorth;(20, 3);MoveWest;(4, 6);1;167
0;0.0;MoveNorth;(20, 3);;(4, 6);1;168
0;0.0;MoveNorth;(20, 3);;(4, 6);1;169
0;0.0;MoveNorth;(20, 3);MoveWest;(3, 6);1;170
0;0.0;MoveNorth;(20, 3);;(3, 6);1;171
0;0.0;MoveNorth;(20, 3);;(3, 6);1;172
0;0.0;MoveNorth;(20, 2);;(3, 6);1;173
0;0.0;MoveSouthEast;(20, 2);MoveNorth;(3, 5);1;174
0;0.0;MoveSouthEast;(20, 2);;(3, 5);1;175
0;0.0;MoveSouthEast;(20, 2);;(3, 5);1;176
0;0.0;MoveSouthEast;(20, 2);;(3, 5);1;177
0;0.0;MoveSouthEast;(20, 2);MoveNorth;(3, 5);1;178
0;0.0;MoveSouthEast;(20, 2);;(3, 5);1;179
0;0.0;MoveSouthEast;(20, 2);;(3, 5);1;180
0;0.0;MoveSouthEast;(20, 2);;(3, 5);1;181
0;0.0;MoveSouthEast;(21, 3);;(3, 5);1;182
0;0.0;MoveNorthEast;(21, 3);;(3, 5);1;183
0;0.0;MoveNorthEast;(21, 3);;(3, 5);1;184
0;0.0;MoveNorthEast;(21, 3);;(3, 5);1;185
0;0.0;MoveNorthEast;(21, 3);;(3, 5);1;186
0;0.0;MoveNorthEast;(21, 3);;(3, 5);1;187
0;0.0;MoveNorthEast;(21, 3);;(3, 5);1;188
0;0.0;MoveNorthEast;(21, 3);;(3, 5);1;189
0;0.0;MoveNorthEast;(21, 3);;(3, 5);1;190
0;0.0;MoveNorthEast;(22, 2);;(3, 5);1;191
0;0.0;Idle;(22, 2);;(3, 5);1;192
0;0.0;Idle;(22, 2);;(3, 5);1;193
0;0.0;Idle;(22, 2);;(3, 5);1;194
0;0.0;Idle;(22, 2);;(3, 5);1;195
0;0.0;Idle;(22, 2);;(3, 5);1;196
0;0.0;Idle;(22, 2);;(3, 5);1;197
0;0.0;Idle;(22, 2);;(3, 5);1;198
0;0.0;Idle;(22, 2);;(3, 5);1;199
0;0.0;Idle;(22, 2);;(3, 5);1;200
0;0.0;Idle;(22, 2);;(3, 5);1;201
0;0.0;Idle;(22, 2);;(3, 5);1;202
0;0.0;Idle;(22, 2);;(3, 5);1;203
0;0.0;Idle;(22, 2);;(3, 5);1;204
0;0.0;Idle;(22, 2);;(3, 5);1;205
0;0.0;Idle;(22, 2);;(3, 5);1;206
0;0.0;Idle;(22, 2);;(3, 5);1;207
0;0.0;Idle;(22, 2);;(3, 5);1;208
0;0.0;Idle;(22, 2);;(3, 5);1;209
0;0.0;Idle;(22, 2);;(3, 5);1;210
0;0.0;Idle;(22, 2);;(3, 5);1;211
0;0.0;Idle;(22, 2);;(3, 5);1;212
0;0.0;Idle;(22, 2);;(3, 5);1;213
0;0.0;Idle;(22, 2);;(3, 5);1;214
0;0.0;Idle;(22, 2);;(3, 5);1;215
0;0.0;Idle;(22, 2);;(3, 5);1;216
0;0.0;Idle;(22, 2);;(3, 5);1;217
0;0.0;MoveSouthWest;(22, 2);;(3, 5);1;218
0;0.0;MoveSouthWest;(22, 2);;(3, 5);1;219
0;0.0;MoveSouthWest;(22, 2);;(3, 5);1;220
0;0.0;MoveSouthWest;(22, 2);;(3, 5);1;221
0;0.0;MoveSouthWest;(22, 2);;(3, 5);1;222
0;0.0;MoveSouthWest;(22, 2);;(3, 5);1;223
0;0.0;MoveSouthWest;(22, 2);;(3, 5);1;224
0;0.0;MoveSouthWest;(22, 2);;(3, 5);1;225
0;0.0;MoveSouthWest;(21, 3);;(3, 5);1;226
0;0.0;MoveSouth;(21, 3);;(3, 5);1;227
0;0.0;MoveSouth;(21, 3);;(3, 5);1;228
0;0.0;MoveSouth;(21, 3);;(3, 5);1;229
0;0.0;MoveSouth;(21, 3);;(3, 5);1;230
0;0.0;MoveSouth;(21, 3);;(3, 5);1;231
0;0.0;MoveSouth;(21, 3);;(3, 5);1;232
0;0.0;MoveSouth;(21, 3);;(3, 5);1;233
0;0.0;MoveSouth;(21, 3);;(3, 5);1;234
0;0.0;MoveSouth;(21, 4);;(3, 5);1;235
0;0.0;MoveSouthWest;(21, 4);;(3, 5);1;236
0;0.0;MoveSouthWest;(21, 4);;(3, 5);1;237
0;0.0;MoveSouthWest;(21, 4);;(3, 5);1;238
0;0.0;MoveSouthWest;(21, 4);;(3, 5);1;239
0;0.0;MoveSouthWest;(21, 4);;(3, 5);1;240
0;0.0;MoveSouthWest;(21, 4);;(3, 5);1;241
0;0.0;MoveSouthWest;(21, 4);;(3, 5);1;242
0;0.0;MoveSouthWest;(21, 4);;(3, 5);1;243
0;0.0;MoveSouthWest;(20, 5);;(3, 5);1;244
0;0.0;MoveWest;(20, 5);;(3, 5);1;245
0;0.0;MoveWest;(20, 5);;(3, 5);1;246
0;0.0;MoveWest;(20, 5);;(3, 5);1;247
0;0.0;MoveWest;(20, 5);;(3, 5);1;248
0;0.0;MoveWest;(20, 5);;(3, 5);1;249
0;0.0;MoveWest;(20, 5);;(3, 5);1;250
0;0.0;MoveWest;(20, 5);;(3, 5);1;251
0;0.0;MoveWest;(20, 5);;(3, 5);1;252
0;0.0;MoveWest;(20, 5);;(3, 5);1;253
0;0.0;MoveWest;(20, 5);;(3, 5);1;254
0;0.0;MoveWest;(20, 5);;(3, 5);1;255
0;0.0;MoveWest;(20, 5);;(3, 5);1;256
0;0.0;MoveWest;(20, 5);;(3, 5);1;257
0;0.0;MoveWest;(19, 5);;(3, 5);1;258
0;0.0;MoveWest;(19, 5);;(3, 5);1;259
0;0.0;MoveWest;(19, 5);;(3, 5);1;260
0;0.0;MoveWest;(19, 5);;(3, 5);1;261
0;0.0;MoveWest;(19, 5);;(3, 5);1;262
0;0.0;MoveWest;(19, 5);;(3, 5);1;263
0;0.0;MoveWest;(19, 5);;(3, 5);1;264
0;0.0;MoveWest;(19, 5);;(3, 5);1;265
0;0.0;MoveWest;(19, 5);;(3, 5);1;266
0;0.0;MoveWest;(19, 5);;(3, 5);1;267
0;0.0;MoveWest;(19, 5);;(3, 5);1;268
0;0.0;MoveWest;(19, 5);;(3, 5);1;269
0;0.0;MoveWest;(19, 5);;(3, 5);1;270
0;0.0;MoveWest;(19, 5);;(3, 5);1;271
0;0.0;MoveWest;(18, 5);;(3, 5);1;272
0;0.0;MoveWest;(18, 5);;(3, 5);1;273
0;0.0;MoveWest;(18, 5);;(3, 5);1;274
0;0.0;MoveWest;(18, 5);;(3, 5);1;275
0;0.0;MoveWest;(18, 5);;(3, 5);1;276
0;0.0;MoveWest;(18, 5);;(3, 5);1;277
0;0.0;MoveWest;(18, 5);;(3, 5);1;278
0;0.0;MoveWest;(18, 5);;(3, 5);1;279
0;0.0;MoveWest;(18, 5);;(3, 5);1;280
0;0.0;MoveWest;(17, 5);;(3, 5);1;281
0;0.0;MoveWest;(17, 5);;(3, 5);1;282
0;0.0;MoveWest;(17, 5);;(3, 5);1;283
0;0.0;MoveWest;(17, 5);;(3, 5);1;284
0;0.0;MoveWest;(17, 5);;(3, 5);1;285
0;0.0;MoveWest;(17, 5);;(3, 5);1;286
0;0.0;MoveWest;(17, 5);;(3, 5);1;287
0;0.0;MoveWest;(17, 5);;(3, 5);1;288
0;0.0;MoveWest;(17, 5);;(3, 5);1;289
0;0.0;MoveWest;(16, 5);;(3, 5);1;290
0;0.0;MoveWest;(16, 5);;(3, 5);1;291
0;0.0;MoveWest;(16, 5);;(3, 5);1;292
0;0.0;MoveWest;(16, 5);;(3, 5);1;293
0;0.0;MoveWest;(16, 5);;(3, 5);1;294
0;0.0;MoveWest;(16, 5);;(3, 5);1;295
0;0.0;MoveWest;(16, 5);;(3, 5);1;296
0;0.0;MoveWest;(16, 5);;(3, 5);1;297
0;0.0;MoveWest;(16, 5);;(3, 5);1;298
0;0.0;MoveWest;(15, 5);;(3, 5);1;299
0;0.0;MoveWest;(15, 5);;(3, 5);1;300
0;0.0;MoveWest;(15, 5);;(3, 5);1;301
0;0.0;MoveWest;(15, 5);;(3, 5);1;302
0;0.0;MoveWest;(15, 5);;(3, 5);1;303
0;0.0;MoveWest;(15, 5);;(3, 5);1;304
0;0.0;MoveWest;(15, 5);;(3, 5);1;305
0;0.0;MoveWest;(15, 5);;(3, 5);1;306
0;0.0;MoveWest;(15, 5);;(3, 5);1;307
0;0.0;MoveWest;(14, 5);;(3, 5);1;308
0;0.0;MoveWest;(14, 5);;(3, 5);1;309
0;0.0;MoveWest;(14, 5);;(3, 5);1;310
0;0.0;MoveWest;(14, 5);;(3, 5);1;311
0;0.0;MoveWest;(14, 5);;(3, 5);1;312
0;0.0;MoveWest;(14, 5);;(3, 5);1;313
0;0.0;MoveWest;(14, 5);;(3, 5);1;314
0;0.0;MoveWest;(14, 5);;(3, 5);1;315
0;0.0;MoveWest;(14, 5);;(3, 5);1;316
0;0.0;MoveWest;(13, 5);;(3, 5);1;317
0;0.0;MoveWest;(13, 5);;(3, 5);1;318
0;0.0;MoveWest;(13, 5);;(3, 5);1;319
0;0.0;MoveWest;(13, 5);;(3, 5);1;320
0;0.0;MoveWest;(13, 5);;(3, 5);1;321
0;0.0;MoveWest;(13, 5);;(3, 5);1;322
0;0.0;MoveWest;(13, 5);;(3, 5);1;323
0;0.0;MoveWest;(13, 5);;(3, 5);1;324
0;0.0;MoveWest;(13, 5);;(3, 5);1;325
0;0.0;MoveWest;(12, 5);;(3, 5);1;326
0;0.0;MoveWest;(12, 5);;(3, 5);1;327
0;0.0;MoveWest;(12, 5);;(3, 5);1;328
0;0.0;MoveWest;(12, 5);;(3, 5);1;329
0;0.0;MoveWest;(12, 5);;(3, 5);1;330
0;0.0;MoveWest;(12, 5);;(3, 5);1;331
0;0.0;MoveWest;(12, 5);;(3, 5);1;332
0;0.0;MoveWest;(12, 5);;(3, 5);1;333
0;0.0;MoveWest;(12, 5);;(3, 5);1;334
0;0.0;MoveWest;(11, 5);;(3, 5);1;335
0;0.0;MoveWest;(11, 5);;(3, 5);1;336
0;0.0;MoveWest;(11, 5);;(3, 5);1;337
0;0.0;MoveWest;(11, 5);;(3, 5);1;338
0;0.0;MoveWest;(11, 5);;(3, 5);1;339
0;0.0;MoveWest;(11, 5);;(3, 5);1;340
0;0.0;MoveWest;(11, 5);;(3, 5);1;341
0;0.0;MoveWest;(11, 5);;(3, 5);1;342
0;0.0;MoveWest;(11, 5);;(3, 5);1;343
0;0.0;MoveWest;(10, 5);;(3, 5);1;344
0;0.0;MoveWest;(10, 5);;(3, 5);1;345
0;0.0;MoveWest;(10, 5);;(3, 5);1;346
0;0.0;MoveWest;(10, 5);;(3, 5);1;347
0;0.0;MoveWest;(10, 5);;(3, 5);1;348
0;0.0;MoveWest;(10, 5);;(3, 5);1;349
0;0.0;MoveWest;(10, 5);;(3, 5);1;350
0;0.0;MoveWest;(10, 5);;(3, 5);1;351
0;0.0;MoveWest;(10, 5);;(3, 5);1;352
0;0.0;MoveWest;(10, 5);;(3, 5);1;353
0;0.0;MoveWest;(10, 5);;(3, 5);1;354
0;0.0;MoveWest;(10, 5);;(3, 5);1;355
0;0.0;MoveWest;(10, 5);;(3, 5);1;356
0;0.0;MoveWest;(10, 5);;(3, 5);1;357
0;0.0;MoveWest;(9, 5);;(3, 5);1;358
0;0.0;MoveWest;(9, 5);;(3, 5);1;359
0;0.0;MoveWest;(9, 5);;(3, 5);1;360
0;0.0;MoveWest;(9, 5);;(3, 5);1;361
0;0.0;MoveWest;(9, 5);;(3, 5);1;362
0;0.0;MoveWest;(9, 5);;(3, 5);1;363
0;0.0;MoveWest;(9, 5);;(3, 5);1;364
0;0.0;MoveWest;(9, 5);;(3, 5);1;365
0;0.0;MoveWest;(9, 5);;(3, 5);1;366
0;0.0;MoveWest;(8, 5);;(3, 5);1;367
0;0.0;MoveWest;(8, 5);;(3, 5);1;368
0;0.0;MoveWest;(8, 5);;(3, 5);1;369
0;0.0;MoveWest;(8, 5);;(3, 5);1;370
0;0.0;MoveWest;(8, 5);;(3, 5);1;371
0;0.0;MoveWest;(8, 5);;(3, 5);1;372
0;0.0;MoveWest;(8, 5);;(3, 5);1;373
0;0.0;MoveWest;(8, 5);;(3, 5);1;374
0;0.0;MoveWest;(8, 5);;(3, 5);1;375
0;0.0;MoveWest;(8, 5);;(3, 5);1;376
0;0.0;MoveWest;(8, 5);;(3, 5);1;377
0;0.0;MoveWest;(8, 5);;(3, 5);1;378
0;0.0;MoveWest;(8, 5);;(3, 5);1;379
0;0.0;MoveWest;(8, 5);;(3, 5);1;380
0;0.0;MoveWest;(7, 5);;(3, 5);1;381
0;0.0;MoveWest;(7, 5);;(3, 5);1;382
0;0.0;MoveWest;(7, 5);;(3, 5);1;383
0;0.0;MoveWest;(7, 5);;(3, 5);1;384
0;0.0;MoveWest;(7, 5);;(3, 5);1;385
0;0.0;MoveWest;(7, 5);;(3, 5);1;386
0;0.0;MoveWest;(7, 5);;(3, 5);1;387
0;0.0;MoveWest;(7, 5);;(3, 5);1;388
0;0.0;MoveWest;(7, 5);;(3, 5);1;389
0;0.0;MoveWest;(7, 5);;(3, 5);1;390
0;0.0;MoveWest;(7, 5);;(3, 5);1;391
0;0.0;MoveWest;(7, 5);;(3, 5);1;392
0;0.0;MoveWest;(7, 5);;(3, 5);1;393
0;0.0;MoveWest;(7, 5);;(3, 5);1;394
0;0.0;MoveWest;(6, 5);;(3, 5);1;395
0;0.0;MoveWest;(6, 5);;(3, 5);1;396
0;0.0;MoveWest;(6, 5);;(3, 5);1;397
0;0.0;MoveWest;(6, 5);;(3, 5);1;398
0;0.0;MoveWest;(6, 5);;(3, 5);1;399
0;0.0;MoveWest;(6, 5);;(3, 5);1;400
0;0.0;MoveWest;(6, 5);;(3, 5);1;401
0;0.0;MoveWest;(6, 5);;(3, 5);1;402
0;0.0;MoveWest;(6, 5);;(3, 5);1;403
0;0.0;MoveWest;(6, 5);;(3, 5);1;404
0;0.0;MoveWest;(6, 5);;(3, 5);1;405
0;0.0;MoveWest;(6, 5);;(3, 5);1;406
0;0.0;MoveWest;(6, 5);;(3, 5);1;407
0;0.0;MoveWest;(6, 5);;(3, 5);1;408
0;0.0;MoveWest;(5, 5);;(3, 5);1;409
0;0.0;MoveWest;(5, 5);;(3, 5);1;410
0;0.0;MoveWest;(5, 5);;(3, 5);1;411
0;0.0;MoveWest;(5, 5);;(3, 5);1;412
0;0.0;MoveWest;(5, 5);;(3, 5);1;413
0;0.0;MoveWest;(5, 5);;(3, 5);1;414
0;0.0;MoveWest;(5, 5);;(3, 5);1;415
0;0.0;MoveWest;(5, 5);;(3, 5);1;416
0;0.0;MoveWest;(5, 5);;(3, 5);1;417
0;0.0;MoveWest;(4, 5);;(3, 5);1;418
0;0.0;MoveWest;(4, 5);;(3, 5);1;419
0;0.0;MoveWest;(4, 5);;(3, 5);1;420
0;0.0;MoveWest;(4, 5);;(3, 5);1;421
0;0.0;MoveWest;(4, 5);;(3, 5);1;422
0;0.0;MoveWest;(4, 5);;(3, 5);1;423
0;0.0;MoveWest;(4, 5);;(3, 5);1;424
0;0.0;MoveWest;(4, 5);;(3, 5);1;425
0;0.0;MoveWest;(4, 5);;(3, 5);1;426
0;0.0;MoveWest;(3, 5);;(3, 5);1;427
0;0.0;;(3, 5);;(3, 5);1;428
0;0.0;;(3, 5);;(3, 5);1;429
0;0.0;;(3, 5);;(3, 5);1;430
0;0.0;;(3, 5);;(3, 5);1;431
0;0.0;;(3, 5);;(3, 5);1;432
0;0.0;;(3, 5);;(3, 5);1;433
0;0.0;;(3, 5);;(3, 5);1;434
0;0.0;;(3, 5);;(3, 5);1;435
0;0.0;;(3, 5);;(3, 5);1;436
0;0.0;;(3, 5);;(3, 5);1;437
0;0.0;;(3, 5);;(3, 5);1;438
0;0.0;;(3, 5);;(3, 5);1;439
0;0.0;;(3, 5);;(3, 5);1;440
0;0.0;;(3, 5);;(3, 5);1;441
0;0.0;;(3, 5);;(3, 5);1;442
0;0.0;;(3, 5);;(3, 5);1;443
0;0.0;;(3, 5);;(3, 5);1;444
0;0.0;;(3, 5);;(3, 5);1;445
0;0.0;;(3, 5);;(3, 5);1;446
0;0.0;;(3, 5);RemoveObjectTogether;(3, 5);1;447
0;0.0;;(3, 5);RemoveObjectTogether;(3, 5);1;448
0;0.0;;(3, 5);RemoveObjectTogether;(3, 5);1;449
0;0.0;;(3, 5);RemoveObjectTogether;(3, 5);1;450
0;0.0;;(3, 5);RemoveObjectTogether;(3, 5);1;451
0;0.0;;(3, 5);RemoveObjectTogether;(3, 5);1;452
0;0.0;;(3, 5);RemoveObjectTogether;(3, 5);1;453
0;0.0;;(3, 5);RemoveObjectTogether;(3, 5);1;454
0;0.0;;(3, 5);RemoveObjectTogether;(3, 5);1;455
0;0.0;;(3, 5);RemoveObjectTogether;(3, 5);1;456
0;0.0;;(3, 5);RemoveObjectTogether;(3, 5);1;457
0;0.0;;(3, 5);RemoveObjectTogether;(3, 5);1;458
0;0.0;;(3, 5);RemoveObjectTogether;(3, 5);1;459
0;0.0;;(3, 5);RemoveObjectTogether;(3, 5);1;460
0;0.0;;(3, 5);RemoveObjectTogether;(3, 5);1;461
0;0.0;;(3, 5);RemoveObjectTogether;(3, 5);1;462
0;0.0;;(3, 5);RemoveObjectTogether;(3, 5);1;463
0;0.0;;(3, 5);RemoveObjectTogether;(3, 5);1;464
0;0.0;;(3, 5);RemoveObjectTogether;(3, 5);1;465
0;0.0;;(3, 5);RemoveObjectTogether;(3, 5);1;466
0;0.0;;(3, 5);RemoveObjectTogether;(3, 5);1;467
0;0.0;;(3, 5);RemoveObjectTogether;(3, 5);1;468
0;0.0;;(3, 5);RemoveObjectTogether;(3, 5);1;469
0;0.0;;(3, 5);RemoveObjectTogether;(3, 5);1;470
0;0.0;;(3, 5);RemoveObjectTogether;(3, 5);1;471
0;0.0;;(3, 5);RemoveObjectTogether;(3, 5);1;472
0;0.0;;(3, 5);RemoveObjectTogether;(3, 5);1;473
0;0.0;;(3, 5);RemoveObjectTogether;(3, 5);1;474
0;0.0;;(3, 5);RemoveObjectTogether;(3, 5);1;475
0;0.0;;(3, 5);RemoveObjectTogether;(3, 5);1;476
0;0.0;;(3, 5);RemoveObjectTogether;(3, 5);1;477
0;0.0;;(3, 5);RemoveObjectTogether;(3, 5);1;478
0;0.0;;(3, 5);RemoveObjectTogether;(3, 5);1;479
0;0.0;;(3, 5);RemoveObjectTogether;(3, 5);1;480
0;0.0;;(3, 5);RemoveObjectTogether;(3, 5);1;481
0;0.0;;(3, 5);RemoveObjectTogether;(3, 5);1;482
0;0.0;;(3, 5);RemoveObjectTogether;(3, 5);1;483
0;0.0;;(3, 5);RemoveObjectTogether;(3, 5);1;484
0;0.0;;(3, 5);RemoveObjectTogether;(3, 5);1;485
0;0.0;;(3, 5);RemoveObjectTogether;(3, 5);1;486
0;0.0;;(3, 5);RemoveObjectTogether;(3, 5);1;487
0;0.0;;(3, 5);RemoveObjectTogether;(3, 5);1;488
0;0.0;;(3, 5);RemoveObjectTogether;(3, 5);1;489
0;0.0;;(3, 5);RemoveObjectTogether;(3, 5);1;490
0;0.0;;(3, 5);RemoveObjectTogether;(3, 5);1;491
0;0.0;;(3, 5);RemoveObjectTogether;(3, 5);1;492
0;0.0;;(3, 5);RemoveObjectTogether;(3, 5);1;493
0;0.0;;(3, 5);RemoveObjectTogether;(3, 5);1;494
0;0.0;;(3, 5);RemoveObjectTogether;(3, 5);1;495
0;0.0;;(3, 5);RemoveObjectTogether;(3, 5);1;496
0;0.0;;(3, 5);RemoveObjectTogether;(3, 5);1;497
0;0.0;MoveNorth;(3, 5);;(3, 5);1;498
0;0.0;MoveNorth;(3, 5);;(3, 5);1;499
0;0.0;MoveNorth;(3, 5);;(3, 5);1;500
0;0.0;MoveNorth;(3, 5);;(3, 5);1;501
0;0.0;MoveNorth;(3, 5);;(3, 5);1;502
0;0.0;MoveNorth;(3, 5);;(3, 5);1;503
0;0.0;MoveNorth;(3, 5);;(3, 5);1;504
0;0.0;MoveNorth;(3, 5);;(3, 5);1;505
0;0.0;MoveNorth;(3, 4);;(3, 5);1;506
0;0.0;MoveNorthWest;(3, 4);;(3, 5);1;507
0;0.0;MoveNorthWest;(3, 4);;(3, 5);1;508
0;0.0;MoveNorthWest;(3, 4);;(3, 5);1;509
0;0.0;MoveNorthWest;(3, 4);;(3, 5);1;510
0;0.0;MoveNorthWest;(3, 4);;(3, 5);1;511
0;0.0;MoveNorthWest;(3, 4);;(3, 5);1;512
0;0.0;MoveNorthWest;(3, 4);;(3, 5);1;513
0;0.0;MoveNorthWest;(3, 4);;(3, 5);1;514
0;0.0;MoveNorthWest;(2, 3);;(3, 5);1;515
0;0.0;MoveNorth;(2, 3);;(3, 5);1;516
0;0.0;MoveNorth;(2, 3);;(3, 5);1;517
0;0.0;MoveNorth;(2, 3);;(3, 5);1;518
0;0.0;MoveNorth;(2, 3);;(3, 5);1;519
0;0.0;MoveNorth;(2, 3);;(3, 5);1;520
0;0.0;MoveNorth;(2, 3);;(3, 5);1;521
0;0.0;MoveNorth;(2, 3);;(3, 5);1;522
0;0.0;MoveNorth;(2, 3);;(3, 5);1;523
0;0.0;MoveNorth;(2, 2);;(3, 5);1;524
0;0.0;MoveSouthEast;(2, 2);;(3, 5);1;525
0;0.0;MoveSouthEast;(2, 2);;(3, 5);1;526
0;0.0;MoveSouthEast;(2, 2);;(3, 5);1;527
0;0.0;MoveSouthEast;(2, 2);;(3, 5);1;528
0;0.0;MoveSouthEast;(2, 2);;(3, 5);1;529
0;0.0;MoveSouthEast;(2, 2);;(3, 5);1;530
0;0.0;MoveSouthEast;(2, 2);;(3, 5);1;531
0;0.0;MoveSouthEast;(2, 2);;(3, 5);1;532
0;0.0;MoveSouthEast;(3, 3);;(3, 5);1;533
0;0.0;MoveNorthEast;(3, 3);;(3, 5);1;534
0;0.0;MoveNorthEast;(3, 3);;(3, 5);1;535
0;0.0;MoveNorthEast;(3, 3);;(3, 5);1;536
0;0.0;MoveNorthEast;(3, 3);;(3, 5);1;537
0;0.0;MoveNorthEast;(3, 3);;(3, 5);1;538
0;0.0;MoveNorthEast;(3, 3);;(3, 5);1;539
0;0.0;MoveNorthEast;(3, 3);;(3, 5);1;540
0;0.0;MoveNorthEast;(3, 3);;(3, 5);1;541
0;0.0;MoveNorthEast;(4, 2);;(3, 5);1;542
0;0.0;;(4, 2);;(3, 5);1;543
0;0.0;;(4, 2);;(3, 5);1;544
0;0.0;;(4, 2);;(3, 5);1;545
0;0.0;;(4, 2);;(3, 5);1;546
0;0.0;;(4, 2);;(3, 5);1;547
0;0.0;;(4, 2);;(3, 5);1;548
0;0.0;;(4, 2);;(3, 5);1;549
0;0.0;;(4, 2);;(3, 5);1;550
0;0.0;;(4, 2);;(3, 5);1;551
0;0.0;;(4, 2);MoveNorth;(3, 4);1;552
0;0.0;;(4, 2);;(3, 4);1;553
0;0.0;;(4, 2);;(3, 4);1;554
0;0.0;;(4, 2);;(3, 4);1;555
0;0.0;;(4, 2);MoveNorth;(3, 3);1;556
0;0.0;;(4, 2);;(3, 3);1;557
0;0.0;;(4, 2);;(3, 3);1;558
0;0.0;;(4, 2);;(3, 3);1;559
0;0.0;;(4, 2);;(3, 3);1;560
0;0.0;;(4, 2);MoveNorth;(3, 2);1;561
0;0.0;;(4, 2);;(3, 2);1;562
0;0.0;;(4, 2);;(3, 2);1;563
0;0.0;;(4, 2);;(3, 2);1;564
0;0.0;;(4, 2);;(3, 2);1;565
0;0.0;;(4, 2);;(3, 2);1;566
0;0.0;;(4, 2);MoveWest;(2, 2);1;567
0;0.0;;(4, 2);;(2, 2);1;568
0;0.0;;(4, 2);;(2, 2);1;569
0;0.0;;(4, 2);;(2, 2);1;570
0;0.0;;(4, 2);;(2, 2);1;571
0;0.0;;(4, 2);MoveEast;(3, 2);1;572
0;0.0;;(4, 2);;(3, 2);1;573
0;0.0;;(4, 2);;(3, 2);1;574
0;0.0;;(4, 2);;(3, 2);1;575
0;0.0;;(4, 2);;(3, 2);1;576
0;0.0;;(4, 2);;(3, 2);1;577
0;0.0;;(4, 2);;(3, 2);1;578
0;0.0;;(4, 2);;(3, 2);1;579
0;0.0;;(4, 2);;(3, 2);1;580
0;0.0;;(4, 2);;(3, 2);1;581
0;0.0;;(4, 2);;(3, 2);1;582
0;0.0;;(4, 2);;(3, 2);1;583
0;0.0;;(4, 2);;(3, 2);1;584
0;0.0;;(4, 2);;(3, 2);1;585
0;0.0;;(4, 2);;(3, 2);1;586
0;0.0;;(4, 2);;(3, 2);1;587
0;0.0;;(4, 2);;(3, 2);1;588
0;0.0;;(4, 2);;(3, 2);1;589
0;0.0;;(4, 2);;(3, 2);1;590
0;0.0;;(4, 2);;(3, 2);1;591
0;0.0;;(4, 2);;(3, 2);1;592
0;0.0;;(4, 2);;(3, 2);1;593
0;0.0;;(4, 2);;(3, 2);1;594
0;0.0;;(4, 2);;(3, 2);1;595
0;0.0;;(4, 2);;(3, 2);1;596
0;0.0;;(4, 2);;(3, 2);1;597
0;0.0;;(4, 2);;(3, 2);1;598
0;0.0;;(4, 2);;(3, 2);1;599
0;0.0;;(4, 2);;(3, 2);1;600
0;0.0;;(4, 2);;(3, 2);1;601
0;0.0;;(4, 2);;(3, 2);1;602
0;0.0;;(4, 2);;(3, 2);1;603
0;0.0;;(4, 2);;(3, 2);1;604
0;0.0;;(4, 2);;(3, 2);1;605
0;0.0;;(4, 2);;(3, 2);1;606
0;0.0;;(4, 2);;(3, 2);1;607
0;0.0;;(4, 2);;(3, 2);1;608
0;0.0;;(4, 2);;(3, 2);1;609
0;0.0;;(4, 2);;(3, 2);1;610
0;0.0;;(4, 2);;(3, 2);1;611
0;0.0;;(4, 2);;(3, 2);1;612
0;0.0;;(4, 2);;(3, 2);1;613
0;0.0;;(4, 2);;(3, 2);1;614
0;0.0;;(4, 2);;(3, 2);1;615
0;0.0;;(4, 2);;(3, 2);1;616
0;0.0;;(4, 2);;(3, 2);1;617
0;0.0;;(4, 2);;(3, 2);1;618
0;0.0;;(4, 2);;(3, 2);1;619
0;0.0;;(4, 2);;(3, 2);1;620
0;0.0;;(4, 2);;(3, 2);1;621
0;0.0;;(4, 2);;(3, 2);1;622
0;0.0;;(4, 2);;(3, 2);1;623
0;0.0;;(4, 2);;(3, 2);1;624
0;0.0;;(4, 2);;(3, 2);1;625
0;0.0;;(4, 2);;(3, 2);1;626
0;0.0;;(4, 2);;(3, 2);1;627
0;0.0;;(4, 2);;(3, 2);1;628
0;0.0;;(4, 2);;(3, 2);1;629
0;0.0;;(4, 2);;(3, 2);1;630
0;0.0;;(4, 2);;(3, 2);1;631
0;0.0;;(4, 2);;(3, 2);1;632
0;0.0;;(4, 2);;(3, 2);1;633
0;0.0;;(4, 2);;(3, 2);1;634
0;0.0;;(4, 2);;(3, 2);1;635
0;0.0;;(4, 2);;(3, 2);1;636
0;0.0;;(4, 2);;(3, 2);1;637
0;0.0;;(4, 2);;(3, 2);1;638
0;0.0;;(4, 2);;(3, 2);1;639
0;0.0;;(4, 2);;(3, 2);1;640
0;0.0;;(4, 2);;(3, 2);1;641
0;0.0;;(4, 2);;(3, 2);1;642
0;0.0;;(4, 2);;(3, 2);1;643
0;0.0;;(4, 2);;(3, 2);1;644
0;0.0;;(4, 2);;(3, 2);1;645
0;0.0;;(4, 2);;(3, 2);1;646
0;0.0;;(4, 2);;(3, 2);1;647
0;0.0;;(4, 2);;(3, 2);1;648
0;0.0;;(4, 2);;(3, 2);1;649
0;0.0;;(4, 2);MoveWest;(2, 2);1;650
0;0.0;;(4, 2);;(2, 2);1;651
0;0.0;;(4, 2);;(2, 2);1;652
0;0.0;;(4, 2);;(2, 2);1;653
0;0.0;;(4, 2);;(2, 2);1;654
0;0.0;;(4, 2);;(2, 2);1;655
0;0.0;;(4, 2);;(2, 2);1;656
0;0.0;;(4, 2);;(2, 2);1;657
0;0.0;;(4, 2);;(2, 2);1;658
0;0.0;;(4, 2);;(2, 2);1;659
0;0.0;;(4, 2);;(2, 2);1;660
0;0.0;;(4, 2);MoveEast;(3, 2);1;661
0;0.0;;(4, 2);;(3, 2);1;662
0;0.0;;(4, 2);;(3, 2);1;663
0;0.0;;(4, 2);;(3, 2);1;664
0;0.0;;(4, 2);;(3, 2);1;665
0;0.0;;(4, 2);;(3, 2);1;666
0;0.0;;(4, 2);;(3, 2);1;667
0;0.0;;(4, 2);;(3, 2);1;668
0;0.0;;(4, 2);;(3, 2);1;669
0;0.0;;(4, 2);;(3, 2);1;670
0;0.0;;(4, 2);MoveWest;(2, 2);1;671
0;0.0;;(4, 2);;(2, 2);1;672
0;0.0;;(4, 2);;(2, 2);1;673
0;0.0;;(4, 2);;(2, 2);1;674
0;0.0;;(4, 2);;(2, 2);1;675
0;0.0;;(4, 2);;(2, 2);1;676
0;0.0;;(4, 2);;(2, 2);1;677
0;0.0;;(4, 2);;(2, 2);1;678
0;0.0;;(4, 2);;(2, 2);1;679
0;0.0;;(4, 2);;(2, 2);1;680
0;0.0;;(4, 2);;(2, 2);1;681
0;0.0;;(4, 2);;(2, 2);1;682
0;0.0;;(4, 2);;(2, 2);1;683
0;0.0;;(4, 2);;(2, 2);1;684
0;0.0;;(4, 2);;(2, 2);1;685
0;0.0;;(4, 2);;(2, 2);1;686
0;0.0;;(4, 2);;(2, 2);1;687
0;0.0;;(4, 2);;(2, 2);1;688
0;0.0;;(4, 2);;(2, 2);1;689
0;0.0;;(4, 2);;(2, 2);1;690
0;0.0;;(4, 2);;(2, 2);1;691
0;0.0;;(4, 2);;(2, 2);1;692
0;0.0;;(4, 2);;(2, 2);1;693
0;0.0;;(4, 2);;(2, 2);1;694
0;0.0;;(4, 2);;(2, 2);1;695
0;0.0;;(4, 2);;(2, 2);1;696
0;0.0;;(4, 2);;(2, 2);1;697
0;0.0;;(4, 2);;(2, 2);1;698
0;0.0;;(4, 2);;(2, 2);1;699
0;0.0;;(4, 2);;(2, 2);1;700
0;0.0;;(4, 2);;(2, 2);1;701
0;0.0;;(4, 2);;(2, 2);1;702
0;0.0;;(4, 2);;(2, 2);1;703
0;0.0;;(4, 2);;(2, 2);1;704
0;0.0;;(4, 2);;(2, 2);1;705
0;0.0;;(4, 2);;(2, 2);1;706
0;0.0;;(4, 2);;(2, 2);1;707
0;0.0;;(4, 2);;(2, 2);1;708
0;0.0;;(4, 2);;(2, 2);1;709
0;0.0;;(4, 2);;(2, 2);1;710
0;0.0;;(4, 2);;(2, 2);1;711
0;0.0;;(4, 2);;(2, 2);1;712
0;0.0;;(4, 2);;(2, 2);1;713
0;0.0;;(4, 2);;(2, 2);1;714
0;0.0;Idle;(4, 2);;(2, 2);1;715
0;0.0;Idle;(4, 2);;(2, 2);1;716
0;0.0;Idle;(4, 2);;(2, 2);1;717
0;0.0;Idle;(4, 2);;(2, 2);1;718
0;0.0;Idle;(4, 2);;(2, 2);1;719
0;0.0;Idle;(4, 2);;(2, 2);1;720
0;0.0;Idle;(4, 2);;(2, 2);1;721
0;0.0;Idle;(4, 2);;(2, 2);1;722
0;0.0;Idle;(4, 2);;(2, 2);1;723
0;0.0;Idle;(4, 2);;(2, 2);1;724
0;0.0;Idle;(4, 2);;(2, 2);1;725
0;0.0;Idle;(4, 2);;(2, 2);1;726
0;0.0;Idle;(4, 2);;(2, 2);1;727
0;0.0;Idle;(4, 2);;(2, 2);1;728
0;0.0;Idle;(4, 2);;(2, 2);1;729
0;0.0;Idle;(4, 2);;(2, 2);1;730
0;0.0;Idle;(4, 2);;(2, 2);1;731
0;0.0;Idle;(4, 2);;(2, 2);1;732
0;0.0;Idle;(4, 2);;(2, 2);1;733
0;0.0;Idle;(4, 2);;(2, 2);1;734
0;0.0;Idle;(4, 2);;(2, 2);1;735
0;0.0;Idle;(4, 2);;(2, 2);1;736
0;0.0;Idle;(4, 2);;(2, 2);1;737
0;0.0;Idle;(4, 2);;(2, 2);1;738
0;0.0;Idle;(4, 2);;(2, 2);1;739
0;0.0;Idle;(4, 2);;(2, 2);1;740
0;0.0;MoveWest;(4, 2);;(2, 2);1;741
0;0.0;MoveWest;(4, 2);;(2, 2);1;742
0;0.0;MoveWest;(4, 2);;(2, 2);1;743
0;0.0;MoveWest;(4, 2);;(2, 2);1;744
0;0.0;MoveWest;(4, 2);;(2, 2);1;745
0;0.0;MoveWest;(4, 2);;(2, 2);1;746
0;0.0;MoveWest;(4, 2);;(2, 2);1;747
0;0.0;MoveWest;(4, 2);;(2, 2);1;748
0;0.0;MoveWest;(3, 2);;(2, 2);1;749
0;0.0;MoveWest;(3, 2);;(2, 2);1;750
0;0.0;MoveWest;(3, 2);;(2, 2);1;751
0;0.0;MoveWest;(3, 2);;(2, 2);1;752
0;0.0;MoveWest;(3, 2);;(2, 2);1;753
0;0.0;MoveWest;(3, 2);;(2, 2);1;754
0;0.0;MoveWest;(3, 2);;(2, 2);1;755
0;0.0;MoveWest;(3, 2);;(2, 2);1;756
0;0.0;MoveWest;(3, 2);;(2, 2);1;757
0;0.0;MoveWest;(2, 2);;(2, 2);1;758
0;0.0;;(2, 2);;(2, 2);1;759
0;0.0;;(2, 2);;(2, 2);1;760
0;0.0;;(2, 2);;(2, 2);1;761
0;0.0;;(2, 2);;(2, 2);1;762
0;0.0;;(2, 2);;(2, 2);1;763
0;0.0;;(2, 2);;(2, 2);1;764
0;0.0;;(2, 2);;(2, 2);1;765
0;0.0;;(2, 2);;(2, 2);1;766
0;0.0;;(2, 2);;(2, 2);1;767
0;0.0;;(2, 2);;(2, 2);1;768
0;0.0;;(2, 2);;(2, 2);1;769
0;0.0;;(2, 2);;(2, 2);1;770
0;0.0;;(2, 2);;(2, 2);1;771
0;0.0;;(2, 2);;(2, 2);1;772
0;0.0;;(2, 2);;(2, 2);1;773
0;0.0;;(2, 2);;(2, 2);1;774
0;0.0;;(2, 2);;(2, 2);1;775
0;0.0;;(2, 2);;(2, 2);1;776
0;0.0;;(2, 2);CarryObjectTogether;(2, 2);1;777
0;0.0;;(2, 2);;(2, 2);1;778
0;0.0;;(2, 2);;(2, 2);1;779
0;0.0;;(2, 2);;(2, 2);1;780
0;0.0;;(2, 2);;(2, 2);1;781
0;0.0;;(2, 2);;(2, 2);1;782
0;0.0;;(2, 2);;(2, 2);1;783
0;0.0;;(2, 2);;(2, 2);1;784
0;0.0;;(2, 2);MoveEast;(3, 2);1;785
0;0.0;;(2, 2);;(3, 2);1;786
0;0.0;;(2, 2);;(3, 2);1;787
0;0.0;;(2, 2);;(3, 2);1;788
0;0.0;;(2, 2);MoveSouth;(3, 3);1;789
0;0.0;;(2, 2);;(3, 3);1;790
0;0.0;;(2, 2);;(3, 3);1;791
0;0.0;;(2, 2);;(3, 3);1;792
0;0.0;;(2, 2);;(3, 3);1;793
0;0.0;;(2, 2);MoveSouth;(3, 4);1;794
0;0.0;;(2, 2);MoveSouth;(3, 5);1;795
0;0.0;;(2, 2);;(3, 5);1;796
0;0.0;;(2, 2);;(3, 5);1;797
0;0.0;;(2, 2);MoveSouth;(3, 6);1;798
0;0.0;;(2, 2);;(3, 6);1;799
0;0.0;;(2, 2);;(3, 6);1;800
0;0.0;;(2, 2);MoveEast;(4, 6);1;801
0;0.0;;(2, 2);;(4, 6);1;802
0;0.0;;(2, 2);;(4, 6);1;803
0;0.0;;(2, 2);;(4, 6);1;804
0;0.0;;(2, 2);MoveEast;(5, 6);1;805
0;0.0;;(2, 2);MoveEast;(6, 6);1;806
0;0.0;;(2, 2);MoveEast;(7, 6);1;807
0;0.0;;(2, 2);MoveEast;(8, 6);1;808
0;0.0;;(2, 2);MoveEast;(9, 6);1;809
0;0.0;;(2, 2);MoveEast;(10, 6);1;810
0;0.0;;(2, 2);MoveEast;(10, 6);1;811
0;0.0;;(2, 2);MoveEast;(10, 6);1;812
0;0.0;;(2, 2);MoveEast;(10, 6);1;813
0;0.0;;(2, 2);MoveEast;(10, 6);1;814
0;0.0;;(2, 2);MoveEast;(10, 6);1;815
0;0.0;;(2, 2);MoveEast;(11, 6);1;816
0;0.0;;(2, 2);MoveEast;(11, 6);1;817
0;0.0;;(2, 2);MoveEast;(11, 6);1;818
0;0.0;;(2, 2);MoveEast;(11, 6);1;819
0;0.0;;(2, 2);MoveEast;(11, 6);1;820
0;0.0;;(2, 2);MoveEast;(11, 6);1;821
0;0.0;;(2, 2);MoveEast;(12, 6);1;822
0;0.0;;(2, 2);MoveEast;(12, 6);1;823
0;0.0;;(2, 2);MoveEast;(12, 6);1;824
0;0.0;;(2, 2);MoveEast;(12, 6);1;825
0;0.0;;(2, 2);MoveEast;(12, 6);1;826
0;0.0;;(2, 2);MoveEast;(12, 6);1;827
0;0.0;;(2, 2);MoveEast;(13, 6);1;828
0;0.0;;(2, 2);MoveEast;(14, 6);1;829
0;0.0;;(2, 2);MoveEast;(15, 6);1;830
0;0.0;;(2, 2);MoveEast;(16, 6);1;831
0;0.0;;(2, 2);MoveEast;(17, 6);1;832
0;0.0;;(2, 2);MoveEast;(18, 6);1;833
0;0.0;;(2, 2);MoveEast;(19, 6);1;834
0;0.0;;(2, 2);MoveEast;(19, 6);1;835
0;0.0;;(2, 2);MoveEast;(19, 6);1;836
0;0.0;;(2, 2);MoveEast;(19, 6);1;837
0;0.0;;(2, 2);MoveEast;(19, 6);1;838
0;0.0;;(2, 2);MoveEast;(19, 6);1;839
0;0.0;;(2, 2);MoveEast;(20, 6);1;840
0;0.0;;(2, 2);MoveSouth;(20, 7);1;841
0;0.0;;(2, 2);MoveSouth;(20, 8);1;842
0;0.0;;(2, 2);MoveSouth;(20, 9);1;843
0;0.0;;(2, 2);MoveSouth;(20, 10);1;844
0;0.0;;(2, 2);MoveSouth;(20, 11);1;845
0;0.0;;(2, 2);MoveSouth;(20, 12);1;846
0;0.0;;(2, 2);MoveSouth;(20, 13);1;847
0;0.0;;(2, 2);MoveEast;(21, 13);1;848
0;0.0;;(2, 2);;(21, 13);1;849
0;0.0;;(2, 2);;(21, 13);1;850
0;0.0;;(2, 2);;(21, 13);1;851
0;0.0;;(2, 2);MoveEast;(22, 13);1;852
0;0.0;;(2, 2);;(22, 13);1;853
0;0.0;;(2, 2);MoveEast;(23, 13);1;854
0;0.0;;(2, 2);;(23, 13);1;855
0;0.0;;(2, 2);;(23, 13);1;856
0;0.0;;(2, 2);;(23, 13);1;857
0;0.0;;(2, 2);;(23, 13);1;858
0;0.0;;(2, 2);;(23, 13);1;859
0;0.0;;(2, 2);;(23, 13);1;860
0;0.0;;(2, 2);MoveNorth;(23, 12);1;861
0;0.0;;(2, 2);;(23, 12);1;862
0;0.0;;(2, 2);;(23, 12);1;863
0;0.0;;(2, 2);;(23, 12);1;864
0;0.0;;(2, 2);;(23, 12);1;865
0;0.0;;(2, 2);;(23, 12);1;866
0;0.0;;(2, 2);;(23, 12);1;867
0;0.0;;(2, 2);;(23, 12);1;868
0;0.0;;(2, 2);;(23, 12);1;869
0;0.0;;(2, 2);;(23, 12);1;870
0;0.0;;(2, 2);;(23, 12);1;871
0;0.0;;(2, 2);;(23, 12);1;872
0;0.0;;(2, 2);;(23, 12);1;873
0;0.0;;(2, 2);;(23, 12);1;874
0;0.0;;(2, 2);;(23, 12);1;875
0;0.0;;(2, 2);;(23, 12);1;876
0;0.0;;(2, 2);;(23, 12);1;877
0;0.0;;(2, 2);;(23, 12);1;878
0;0.0;;(2, 2);;(23, 12);1;879
0;0.0;;(2, 2);;(23, 12);1;880
0;0.0;;(2, 2);;(23, 12);1;881
0;0.0;;(2, 2);;(23, 12);1;882
0;0.0;;(2, 2);;(23, 12);1;883
0;0.0;;(2, 2);Drop;(23, 12);1;884
0;0.0;;(2, 2);;(23, 12);1;885
0;0.0;;(2, 2);;(23, 12);1;886
0;0.0;;(2, 2);;(23, 12);1;887
0;0.0;;(2, 2);;(23, 12);1;888
0;0.0;;(2, 2);;(23, 12);1;889
0;0.0;;(2, 2);;(23, 12);1;890
0;0.0;;(2, 2);;(23, 12);1;891
0;0.0;;(2, 2);;(23, 12);1;892
0;0.0;;(2, 2);;(23, 12);1;893
0;0.0;;(2, 2);;(23, 12);1;894
0;0.0;;(2, 2);;(23, 12);1;895
0;0.0;;(2, 2);;(23, 12);1;896
0;0.0;;(2, 2);;(23, 12);1;897
0;0.0;;(2, 2);;(23, 12);1;898
0;0.0;;(2, 2);;(23, 12);1;899
0;0.0;;(2, 2);;(23, 12);1;900
0;0.0;;(2, 2);;(23, 12);1;901
0;0.0;;(2, 2);;(23, 12);1;902
0;0.0;;(2, 2);;(23, 12);1;903
0;0.0;;(2, 2);;(23, 12);1;904
3;0.125;;(23, 12);DropObjectTogether;(23, 12);1;905
3;0.125;MoveNorthWest;(23, 12);;(23, 12);1;906
3;0.125;MoveNorthWest;(23, 12);;(23, 12);1;907
3;0.125;MoveNorthWest;(23, 12);;(23, 12);1;908
3;0.125;MoveNorthWest;(23, 12);;(23, 12);1;909
3;0.125;MoveNorthWest;(23, 12);;(23, 12);1;910
3;0.125;MoveNorthWest;(23, 12);;(23, 12);1;911
3;0.125;MoveNorthWest;(23, 12);;(23, 12);1;912
3;0.125;MoveNorthWest;(23, 12);;(23, 12);1;913
3;0.125;MoveNorthWest;(22, 11);;(23, 12);1;914
3;0.125;MoveNorthWest;(22, 11);;(23, 12);1;915
3;0.125;MoveNorthWest;(22, 11);;(23, 12);1;916
3;0.125;MoveNorthWest;(22, 11);;(23, 12);1;917
3;0.125;MoveNorthWest;(22, 11);;(23, 12);1;918
3;0.125;MoveNorthWest;(22, 11);;(23, 12);1;919
3;0.125;MoveNorthWest;(22, 11);;(23, 12);1;920
3;0.125;MoveNorthWest;(22, 11);;(23, 12);1;921
3;0.125;MoveNorthWest;(22, 11);;(23, 12);1;922
3;0.125;MoveNorthWest;(21, 10);;(23, 12);1;923
3;0.125;MoveNorthWest;(21, 10);;(23, 12);1;924
3;0.125;MoveNorthWest;(21, 10);;(23, 12);1;925
3;0.125;MoveNorthWest;(21, 10);;(23, 12);1;926
3;0.125;MoveNorthWest;(21, 10);;(23, 12);1;927
3;0.125;MoveNorthWest;(21, 10);MoveWest;(22, 12);1;928
3;0.125;MoveNorthWest;(21, 10);;(22, 12);1;929
3;0.125;MoveNorthWest;(21, 10);;(22, 12);1;930
3;0.125;MoveNorthWest;(21, 10);;(22, 12);1;931
3;0.125;MoveNorthWest;(20, 9);MoveWest;(21, 12);1;932
3;0.125;MoveNorthWest;(20, 9);MoveNorth;(21, 11);1;933
3;0.125;MoveNorthWest;(20, 9);;(21, 11);1;934
3;0.125;MoveNorthWest;(20, 9);;(21, 11);1;935
3;0.125;MoveNorthWest;(20, 9);;(21, 11);1;936
3;0.125;MoveNorthWest;(20, 9);MoveNorth;(21, 10);1;937
3;0.125;MoveNorthWest;(20, 9);MoveNorth;(21, 9);1;938
3;0.125;MoveNorthWest;(20, 9);MoveWest;(20, 9);1;939
3;0.125;MoveNorthWest;(20, 9);;(20, 9);1;940
3;0.125;MoveNorthWest;(19, 8);;(20, 9);1;941
3;0.125;MoveNorthWest;(19, 8);MoveNorth;(20, 8);1;942
3;0.125;MoveNorthWest;(19, 8);;(20, 8);1;943
3;0.125;MoveNorthWest;(19, 8);MoveWest;(19, 8);1;944
3;0.125;MoveNorthWest;(19, 8);;(19, 8);1;945
3;0.125;MoveNorthWest;(19, 8);;(19, 8);1;946
3;0.125;MoveNorthWest;(19, 8);MoveNorth;(19, 8);1;947
3;0.125;MoveNorthWest;(19, 8);MoveNorth;(19, 8);1;948
3;0.125;MoveNorthWest;(19, 8);MoveNorth;(19, 8);1;949
3;0.125;MoveNorthWest;(19, 8);MoveNorth;(19, 8);1;950
3;0.125;MoveNorthWest;(19, 8);MoveNorth;(19, 8);1;951
3;0.125;MoveNorthWest;(19, 8);MoveNorth;(19, 7);1;952
3;0.125;MoveNorthWest;(19, 8);MoveNorth;(19, 7);1;953
3;0.125;MoveNorthWest;(19, 8);MoveNorth;(19, 7);1;954
3;0.125;MoveNorthWest;(18, 7);MoveNorth;(19, 7);1;955
3;0.125;MoveNorthWest;(18, 7);MoveNorth;(19, 7);1;956
3;0.125;MoveNorthWest;(18, 7);MoveNorth;(19, 7);1;957
3;0.125;MoveNorthWest;(18, 7);MoveNorth;(19, 6);1;958
3;0.125;MoveNorthWest;(18, 7);MoveNorth;(19, 6);1;959
3;0.125;MoveNorthWest;(18, 7);MoveNorth;(19, 6);1;960
3;0.125;MoveNorthWest;(18, 7);MoveNorth;(19, 6);1;961
3;0.125;MoveNorthWest;(18, 7);MoveNorth;(19, 6);1;962
3;0.125;MoveNorthWest;(18, 7);MoveNorth;(19, 6);1;963
3;0.125;MoveNorthWest;(17, 6);MoveNorth;(19, 5);1;964
3;0.125;MoveWest;(17, 6);MoveNorth;(19, 5);1;965
3;0.125;MoveWest;(17, 6);MoveNorth;(19, 5);1;966
3;0.125;MoveWest;(17, 6);MoveNorth;(19, 5);1;967
3;0.125;MoveWest;(17, 6);MoveNorth;(19, 5);1;968
3;0.125;MoveWest;(17, 6);MoveNorth;(19, 5);1;969
3;0.125;MoveWest;(17, 6);MoveNorth;(19, 5);1;970
3;0.125;MoveWest;(17, 6);MoveWest;(19, 5);1;971
3;0.125;MoveWest;(17, 6);MoveWest;(19, 5);1;972
3;0.125;MoveWest;(16, 6);MoveWest;(19, 5);1;973
3;0.125;MoveWest;(16, 6);MoveWest;(19, 5);1;974
3;0.125;MoveWest;(16, 6);MoveWest;(19, 5);1;975
3;0.125;MoveWest;(16, 6);MoveWest;(18, 5);1;976
3;0.125;MoveWest;(16, 6);MoveWest;(17, 5);1;977
3;0.125;MoveWest;(16, 6);;(17, 5);1;978
3;0.125;MoveWest;(16, 6);;(17, 5);1;979
3;0.125;MoveWest;(16, 6);;(17, 5);1;980
3;0.125;MoveWest;(16, 6);MoveWest;(16, 5);1;981
3;0.125;MoveWest;(15, 6);MoveWest;(15, 5);1;982
3;0.125;MoveWest;(15, 6);MoveWest;(14, 5);1;983
3;0.125;MoveWest;(15, 6);MoveWest;(13, 5);1;984
3;0.125;MoveWest;(15, 6);MoveWest;(12, 5);1;985
3;0.125;MoveWest;(15, 6);;(12, 5);1;986
3;0.125;MoveWest;(15, 6);;(12, 5);1;987
3;0.125;MoveWest;(15, 6);MoveWest;(11, 5);1;988
3;0.125;MoveWest;(15, 6);MoveWest;(10, 5);1;989
3;0.125;MoveWest;(15, 6);;(10, 5);1;990
3;0.125;MoveWest;(14, 6);;(10, 5);1;991
3;0.125;MoveWest;(14, 6);;(10, 5);1;992
3;0.125;MoveWest;(14, 6);;(10, 5);1;993
3;0.125;MoveWest;(14, 6);MoveWest;(10, 5);1;994
3;0.125;MoveWest;(14, 6);MoveWest;(10, 5);1;995
3;0.125;MoveWest;(14, 6);MoveWest;(10, 5);1;996
3;0.125;MoveWest;(14, 6);MoveWest;(10, 5);1;997
3;0.125;MoveWest;(14, 6);MoveWest;(10, 5);1;998
3;0.125;MoveWest;(14, 6);MoveWest;(9, 5);1;999
3;0.125;MoveWest;(13, 6);MoveWest;(8, 5);1;1000
3;0.125;MoveWest;(13, 6);MoveWest;(8, 5);1;1001
3;0.125;MoveWest;(13, 6);MoveWest;(8, 5);1;1002
3;0.125;MoveWest;(13, 6);MoveWest;(8, 5);1;1003
3;0.125;MoveWest;(13, 6);MoveWest;(8, 5);1;1004
3;0.125;MoveWest;(13, 6);MoveWest;(8, 5);1;1005
3;0.125;MoveWest;(13, 6);MoveWest;(7, 5);1;1006
3;0.125;MoveWest;(13, 6);MoveWest;(7, 5);1;1007
3;0.125;MoveWest;(13, 6);MoveWest;(7, 5);1;1008
3;0.125;MoveWest;(12, 6);MoveWest;(7, 5);1;1009
3;0.125;MoveWest;(12, 6);MoveWest;(7, 5);1;1010
3;0.125;MoveWest;(12, 6);MoveWest;(7, 5);1;1011
3;0.125;MoveWest;(12, 6);MoveWest;(6, 5);1;1012
3;0.125;MoveWest;(12, 6);MoveWest;(6, 5);1;1013
3;0.125;MoveWest;(12, 6);MoveWest;(6, 5);1;1014
3;0.125;MoveWest;(12, 6);MoveWest;(6, 5);1;1015
3;0.125;MoveWest;(12, 6);MoveWest;(6, 5);1;1016
3;0.125;MoveWest;(12, 6);MoveWest;(6, 5);1;1017
3;0.125;MoveWest;(12, 6);MoveWest;(5, 5);1;1018
3;0.125;MoveWest;(12, 6);MoveWest;(4, 5);1;1019
3;0.125;MoveWest;(12, 6);;(4, 5);1;1020
3;0.125;MoveWest;(12, 6);MoveWest;(3, 5);1;1021
3;0.125;MoveWest;(12, 6);;(3, 5);1;1022
3;0.125;MoveWest;(11, 6);;(3, 5);1;1023
3;0.125;MoveWest;(11, 6);MoveSouth;(3, 6);1;1024
3;0.125;MoveWest;(11, 6);;(3, 6);1;1025
3;0.125;MoveWest;(11, 6);MoveSouth;(3, 7);1;1026
3;0.125;MoveWest;(11, 6);;(3, 7);1;1027
3;0.125;MoveWest;(11, 6);;(3, 7);1;1028
3;0.125;MoveWest;(11, 6);;(3, 7);1;1029
3;0.125;MoveWest;(11, 6);;(3, 7);1;1030
3;0.125;MoveWest;(11, 6);;(3, 7);1;1031
3;0.125;MoveWest;(11, 6);MoveSouth;(3, 8);1;1032
3;0.125;MoveWest;(11, 6);;(3, 8);1;1033
3;0.125;MoveWest;(11, 6);;(3, 8);1;1034
3;0.125;MoveWest;(11, 6);MoveSouth;(3, 9);1;1035
3;0.125;MoveWest;(11, 6);;(3, 9);1;1036
3;0.125;MoveWest;(10, 6);;(3, 9);1;1037
3;0.125;MoveWest;(10, 6);;(3, 9);1;1038
3;0.125;MoveWest;(10, 6);;(3, 9);1;1039
3;0.125;MoveWest;(10, 6);MoveWest;(2, 9);1;1040
3;0.125;MoveWest;(10, 6);;(2, 9);1;1041
3;0.125;MoveWest;(10, 6);;(2, 9);1;1042
3;0.125;MoveWest;(10, 6);MoveEast;(3, 9);1;1043
3;0.125;MoveWest;(10, 6);;(3, 9);1;1044
3;0.125;MoveWest;(10, 6);;(3, 9);1;1045
3;0.125;MoveWest;(10, 6);;(3, 9);1;1046
3;0.125;MoveWest;(10, 6);MoveNorth;(3, 8);1;1047
3;0.125;MoveWest;(10, 6);;(3, 8);1;1048
3;0.125;MoveWest;(10, 6);MoveNorth;(3, 7);1;1049
3;0.125;MoveWest;(10, 6);;(3, 7);1;1050
3;0.125;MoveWest;(9, 6);;(3, 7);1;1051
3;0.125;MoveWest;(9, 6);MoveNorth;(3, 6);1;1052
3;0.125;MoveWest;(9, 6);;(3, 6);1;1053
3;0.125;MoveWest;(9, 6);;(3, 6);1;1054
3;0.125;MoveWest;(9, 6);;(3, 6);1;1055
3;0.125;MoveWest;(9, 6);MoveEast;(4, 6);1;1056
3;0.125;MoveWest;(9, 6);;(4, 6);1;1057
3;0.125;MoveWest;(9, 6);MoveEast;(5, 6);1;1058
3;0.125;MoveWest;(9, 6);MoveEast;(6, 6);1;1059
3;0.125;MoveWest;(8, 6);;(6, 6);1;1060
3;0.125;MoveWest;(8, 6);MoveEast;(7, 6);1;1061
3;0.125;MoveWest;(8, 6);;(7, 6);1;1062
3;0.125;MoveWest;(8, 6);MoveEast;(8, 6);1;1063
3;0.125;MoveWest;(8, 6);MoveEast;(9, 6);1;1064
3;0.125;MoveWest;(8, 6);;(9, 6);1;1065
3;0.125;MoveWest;(8, 6);;(9, 6);1;1066
3;0.125;MoveWest;(8, 6);;(9, 6);1;1067
3;0.125;MoveWest;(8, 6);MoveEast;(10, 6);1;1068
3;0.125;MoveWest;(7, 6);MoveSouth;(10, 6);1;1069
3;0.125;MoveWest;(7, 6);MoveSouth;(10, 6);1;1070
3;0.125;MoveWest;(7, 6);MoveSouth;(10, 6);1;1071
3;0.125;MoveWest;(7, 6);MoveSouth;(10, 6);1;1072
3;0.125;MoveWest;(7, 6);MoveSouth;(10, 6);1;1073
3;0.125;MoveWest;(7, 6);MoveSouth;(10, 6);1;1074
3;0.125;MoveWest;(7, 6);MoveWest;(10, 6);1;1075
3;0.125;MoveWest;(7, 6);MoveWest;(10, 6);1;1076
3;0.125;MoveWest;(7, 6);MoveWest;(10, 6);1;1077
3;0.125;MoveWest;(6, 6);MoveWest;(10, 6);1;1078
3;0.125;MoveWest;(6, 6);MoveWest;(10, 6);1;1079
3;0.125;MoveWest;(6, 6);MoveWest;(9, 6);1;1080
3;0.125;MoveWest;(6, 6);MoveWest;(8, 6);1;1081
3;0.125;MoveWest;(6, 6);;(8, 6);1;1082
3;0.125;MoveWest;(6, 6);;(8, 6);1;1083
3;0.125;MoveWest;(6, 6);;(8, 6);1;1084
3;0.125;MoveWest;(6, 6);;(8, 6);1;1085
3;0.125;MoveWest;(6, 6);;(8, 6);1;1086
3;0.125;MoveWest;(5, 6);MoveEast;(9, 6);1;1087
3;0.125;MoveWest;(5, 6);;(9, 6);1;1088
3;0.125;MoveWest;(5, 6);;(9, 6);1;1089
3;0.125;MoveWest;(5, 6);;(9, 6);1;1090
3;0.125;MoveWest;(5, 6);;(9, 6);1;1091
3;0.125;MoveWest;(5, 6);;(9, 6);1;1092
3;0.125;MoveWest;(5, 6);;(9, 6);1;1093
3;0.125;MoveWest;(5, 6);;(9, 6);1;1094
3;0.125;MoveWest;(5, 6);;(9, 6);1;1095
3;0.125;MoveWest;(4, 6);;(9, 6);1;1096
3;0.125;MoveWest;(4, 6);;(9, 6);1;1097
3;0.125;MoveWest;(4, 6);;(9, 6);1;1098
3;0.125;MoveWest;(4, 6);;(9, 6);1;1099
3;0.125;MoveWest;(4, 6);;(9, 6);1;1100
3;0.125;MoveWest;(4, 6);;(9, 6);1;1101
3;0.125;MoveWest;(4, 6);;(9, 6);1;1102
3;0.125;MoveWest;(4, 6);;(9, 6);1;1103
3;0.125;MoveWest;(4, 6);;(9, 6);1;1104
3;0.125;MoveWest;(3, 6);;(9, 6);1;1105
3;0.125;MoveSouth;(3, 6);;(9, 6);1;1106
3;0.125;MoveSouth;(3, 6);;(9, 6);1;1107
3;0.125;MoveSouth;(3, 6);;(9, 6);1;1108
3;0.125;MoveSouth;(3, 6);;(9, 6);1;1109
3;0.125;MoveSouth;(3, 6);;(9, 6);1;1110
3;0.125;MoveSouth;(3, 6);;(9, 6);1;1111
3;0.125;MoveSouth;(3, 6);;(9, 6);1;1112
3;0.125;MoveSouth;(3, 6);;(9, 6);1;1113
3;0.125;MoveSouth;(3, 7);;(9, 6);1;1114
3;0.125;MoveSouthWest;(3, 7);;(9, 6);1;1115
3;0.125;MoveSouthWest;(3, 7);;(9, 6);1;1116
3;0.125;MoveSouthWest;(3, 7);;(9, 6);1;1117
3;0.125;MoveSouthWest;(3, 7);;(9, 6);1;1118
3;0.125;MoveSouthWest;(3, 7);;(9, 6);1;1119
3;0.125;MoveSouthWest;(3, 7);;(9, 6);1;1120
3;0.125;MoveSouthWest;(3, 7);;(9, 6);1;1121
3;0.125;MoveSouthWest;(3, 7);;(9, 6);1;1122
3;0.125;MoveSouthWest;(2, 8);;(9, 6);1;1123
3;0.125;MoveSouthEast;(2, 8);;(9, 6);1;1124
3;0.125;MoveSouthEast;(2, 8);;(9, 6);1;1125
3;0.125;MoveSouthEast;(2, 8);;(9, 6);1;1126
3;0.125;MoveSouthEast;(2, 8);;(9, 6);1;1127
3;0.125;MoveSouthEast;(2, 8);;(9, 6);1;1128
3;0.125;MoveSouthEast;(2, 8);;(9, 6);1;1129
3;0.125;MoveSouthEast;(2, 8);;(9, 6);1;1130
3;0.125;MoveSouthEast;(2, 8);;(9, 6);1;1131
3;0.125;MoveSouthEast;(3, 9);;(9, 6);1;1132
3;0.125;MoveNorthEast;(3, 9);;(9, 6);1;1133
3;0.125;MoveNorthEast;(3, 9);;(9, 6);1;1134
3;0.125;MoveNorthEast;(3, 9);;(9, 6);1;1135
3;0.125;MoveNorthEast;(3, 9);;(9, 6);1;1136
3;0.125;MoveNorthEast;(3, 9);;(9, 6);1;1137
3;0.125;MoveNorthEast;(3, 9);;(9, 6);1;1138
3;0.125;MoveNorthEast;(3, 9);;(9, 6);1;1139
3;0.125;MoveNorthEast;(3, 9);;(9, 6);1;1140
3;0.125;MoveNorthEast;(4, 8);;(9, 6);1;1141
3;0.125;Idle;(4, 8);;(9, 6);1;1142
3;0.125;Idle;(4, 8);;(9, 6);1;1143
3;0.125;Idle;(4, 8);;(9, 6);1;1144
3;0.125;Idle;(4, 8);;(9, 6);1;1145
3;0.125;Idle;(4, 8);;(9, 6);1;1146
3;0.125;Idle;(4, 8);RemoveObject;(9, 6);1;1147
3;0.125;Idle;(4, 8);RemoveObject;(9, 6);1;1148
3;0.125;Idle;(4, 8);RemoveObject;(9, 6);1;1149
3;0.125;Idle;(4, 8);RemoveObject;(9, 6);1;1150
3;0.125;Idle;(4, 8);RemoveObject;(9, 6);1;1151
3;0.125;Idle;(4, 8);RemoveObject;(9, 6);1;1152
3;0.125;Idle;(4, 8);RemoveObject;(9, 6);1;1153
3;0.125;Idle;(4, 8);RemoveObject;(9, 6);1;1154
3;0.125;Idle;(4, 8);RemoveObject;(9, 6);1;1155
3;0.125;Idle;(4, 8);RemoveObject;(9, 6);1;1156
3;0.125;Idle;(4, 8);RemoveObject;(9, 6);1;1157
3;0.125;Idle;(4, 8);RemoveObject;(9, 6);1;1158
3;0.125;Idle;(4, 8);RemoveObject;(9, 6);1;1159
3;0.125;Idle;(4, 8);RemoveObject;(9, 6);1;1160
3;0.125;Idle;(4, 8);RemoveObject;(9, 6);1;1161
3;0.125;Idle;(4, 8);RemoveObject;(9, 6);1;1162
3;0.125;Idle;(4, 8);RemoveObject;(9, 6);1;1163
3;0.125;Idle;(4, 8);RemoveObject;(9, 6);1;1164
3;0.125;Idle;(4, 8);RemoveObject;(9, 6);1;1165
3;0.125;Idle;(4, 8);RemoveObject;(9, 6);1;1166
3;0.125;Idle;(4, 8);RemoveObject;(9, 6);1;1167
3;0.125;MoveNorthWest;(4, 8);RemoveObject;(9, 6);1;1168
3;0.125;MoveNorthWest;(4, 8);RemoveObject;(9, 6);1;1169
3;0.125;MoveNorthWest;(4, 8);RemoveObject;(9, 6);1;1170
3;0.125;MoveNorthWest;(4, 8);RemoveObject;(9, 6);1;1171
3;0.125;MoveNorthWest;(4, 8);RemoveObject;(9, 6);1;1172
3;0.125;MoveNorthWest;(4, 8);RemoveObject;(9, 6);1;1173
3;0.125;MoveNorthWest;(4, 8);RemoveObject;(9, 6);1;1174
3;0.125;MoveNorthWest;(4, 8);RemoveObject;(9, 6);1;1175
3;0.125;MoveNorthWest;(3, 7);RemoveObject;(9, 6);1;1176
3;0.125;MoveNorthEast;(3, 7);RemoveObject;(9, 6);1;1177
3;0.125;MoveNorthEast;(3, 7);RemoveObject;(9, 6);1;1178
3;0.125;MoveNorthEast;(3, 7);RemoveObject;(9, 6);1;1179
3;0.125;MoveNorthEast;(3, 7);RemoveObject;(9, 6);1;1180
3;0.125;MoveNorthEast;(3, 7);RemoveObject;(9, 6);1;1181
3;0.125;MoveNorthEast;(3, 7);RemoveObject;(9, 6);1;1182
3;0.125;MoveNorthEast;(3, 7);RemoveObject;(9, 6);1;1183
3;0.125;MoveNorthEast;(3, 7);RemoveObject;(9, 6);1;1184
3;0.125;MoveNorthEast;(4, 6);RemoveObject;(9, 6);1;1185
3;0.125;MoveEast;(4, 6);RemoveObject;(9, 6);1;1186
3;0.125;MoveEast;(4, 6);RemoveObject;(9, 6);1;1187
3;0.125;MoveEast;(4, 6);RemoveObject;(9, 6);1;1188
3;0.125;MoveEast;(4, 6);RemoveObject;(9, 6);1;1189
3;0.125;MoveEast;(4, 6);RemoveObject;(9, 6);1;1190
3;0.125;MoveEast;(4, 6);RemoveObject;(9, 6);1;1191
3;0.125;MoveEast;(4, 6);RemoveObject;(9, 6);1;1192
3;0.125;MoveEast;(4, 6);RemoveObject;(9, 6);1;1193
3;0.125;MoveEast;(5, 6);RemoveObject;(9, 6);1;1194
3;0.125;MoveEast;(5, 6);RemoveObject;(9, 6);1;1195
3;0.125;MoveEast;(5, 6);RemoveObject;(9, 6);1;1196
3;0.125;MoveEast;(5, 6);RemoveObject;(9, 6);1;1197
3;0.125;MoveEast;(5, 6);RemoveObject;(9, 6);1;1198
3;0.125;MoveEast;(5, 6);RemoveObject;(9, 6);1;1199
3;0.125;MoveEast;(5, 6);RemoveObject;(9, 6);1;1200
3;0.125;MoveEast;(5, 6);RemoveObject;(9, 6);1;1201
3;0.125;MoveEast;(5, 6);RemoveObject;(9, 6);1;1202
3;0.125;MoveEast;(6, 6);RemoveObject;(9, 6);1;1203
3;0.125;MoveEast;(6, 6);RemoveObject;(9, 6);1;1204
3;0.125;MoveEast;(6, 6);RemoveObject;(9, 6);1;1205
3;0.125;MoveEast;(6, 6);RemoveObject;(9, 6);1;1206
3;0.125;MoveEast;(6, 6);RemoveObject;(9, 6);1;1207
3;0.125;MoveEast;(6, 6);RemoveObject;(9, 6);1;1208
3;0.125;MoveEast;(6, 6);RemoveObject;(9, 6);1;1209
3;0.125;MoveEast;(6, 6);RemoveObject;(9, 6);1;1210
3;0.125;MoveEast;(6, 6);RemoveObject;(9, 6);1;1211
3;0.125;MoveEast;(7, 6);RemoveObject;(9, 6);1;1212
3;0.125;MoveEast;(7, 6);RemoveObject;(9, 6);1;1213
3;0.125;MoveEast;(7, 6);RemoveObject;(9, 6);1;1214
3;0.125;MoveEast;(7, 6);RemoveObject;(9, 6);1;1215
3;0.125;MoveEast;(7, 6);RemoveObject;(9, 6);1;1216
3;0.125;MoveEast;(7, 6);RemoveObject;(9, 6);1;1217
3;0.125;MoveEast;(7, 6);RemoveObject;(9, 6);1;1218
3;0.125;MoveEast;(7, 6);RemoveObject;(9, 6);1;1219
3;0.125;MoveEast;(7, 6);RemoveObject;(9, 6);1;1220
3;0.125;MoveEast;(8, 6);RemoveObject;(9, 6);1;1221
3;0.125;MoveEast;(8, 6);RemoveObject;(9, 6);1;1222
3;0.125;MoveEast;(8, 6);RemoveObject;(9, 6);1;1223
3;0.125;MoveEast;(8, 6);RemoveObject;(9, 6);1;1224
3;0.125;MoveEast;(8, 6);RemoveObject;(9, 6);1;1225
3;0.125;MoveEast;(8, 6);RemoveObject;(9, 6);1;1226
3;0.125;MoveEast;(8, 6);RemoveObject;(9, 6);1;1227
3;0.125;MoveEast;(8, 6);RemoveObject;(9, 6);1;1228
3;0.125;MoveEast;(8, 6);RemoveObject;(9, 6);1;1229
3;0.125;MoveEast;(9, 6);RemoveObject;(9, 6);1;1230
3;0.125;;(9, 6);RemoveObject;(9, 6);1;1231
3;0.125;;(9, 6);RemoveObject;(9, 6);1;1232
3;0.125;;(9, 6);RemoveObject;(9, 6);1;1233
3;0.125;;(9, 6);RemoveObject;(9, 6);1;1234
3;0.125;;(9, 6);RemoveObject;(9, 6);1;1235
3;0.125;;(9, 6);RemoveObject;(9, 6);1;1236
3;0.125;;(9, 6);RemoveObject;(9, 6);1;1237
3;0.125;;(9, 6);RemoveObject;(9, 6);1;1238
3;0.125;;(9, 6);RemoveObject;(9, 6);1;1239
3;0.125;;(9, 6);RemoveObject;(9, 6);1;1240
3;0.125;;(9, 6);RemoveObject;(9, 6);1;1241
3;0.125;;(9, 6);RemoveObject;(9, 6);1;1242
3;0.125;;(9, 6);RemoveObject;(9, 6);1;1243
3;0.125;;(9, 6);RemoveObject;(9, 6);1;1244
3;0.125;;(9, 6);RemoveObject;(9, 6);1;1245
3;0.125;;(9, 6);RemoveObject;(9, 6);1;1246
3;0.125;;(9, 6);RemoveObject;(9, 6);1;1247
3;0.125;;(9, 6);RemoveObject;(9, 6);1;1248
3;0.125;;(9, 6);RemoveObject;(9, 6);1;1249
3;0.125;;(9, 6);RemoveObject;(9, 6);1;1250
3;0.125;;(9, 6);RemoveObject;(9, 6);1;1251
3;0.125;;(9, 6);RemoveObject;(9, 6);1;1252
3;0.125;;(9, 6);RemoveObject;(9, 6);1;1253
3;0.125;;(9, 6);RemoveObject;(9, 6);1;1254
3;0.125;;(9, 6);RemoveObject;(9, 6);1;1255
3;0.125;;(9, 6);RemoveObject;(9, 6);1;1256
3;0.125;;(9, 6);RemoveObject;(9, 6);1;1257
3;0.125;;(9, 6);RemoveObject;(9, 6);1;1258
3;0.125;;(9, 6);RemoveObject;(9, 6);1;1259
3;0.125;;(9, 6);RemoveObject;(9, 6);1;1260
3;0.125;;(9, 6);RemoveObject;(9, 6);1;1261
3;0.125;;(9, 6);RemoveObject;(9, 6);1;1262
3;0.125;;(9, 6);RemoveObject;(9, 6);1;1263
3;0.125;;(9, 6);RemoveObject;(9, 6);1;1264
3;0.125;;(9, 6);RemoveObject;(9, 6);1;1265
3;0.125;;(9, 6);RemoveObject;(9, 6);1;1266
3;0.125;;(9, 6);RemoveObject;(9, 6);1;1267
3;0.125;;(9, 6);RemoveObject;(9, 6);1;1268
3;0.125;;(9, 6);RemoveObject;(9, 6);1;1269
3;0.125;;(9, 6);RemoveObject;(9, 6);1;1270
3;0.125;;(9, 6);RemoveObject;(9, 6);1;1271
3;0.125;;(9, 6);RemoveObject;(9, 6);1;1272
3;0.125;;(9, 6);RemoveObject;(9, 6);1;1273
3;0.125;;(9, 6);RemoveObject;(9, 6);1;1274
3;0.125;;(9, 6);RemoveObject;(9, 6);1;1275
3;0.125;;(9, 6);RemoveObject;(9, 6);1;1276
3;0.125;;(9, 6);RemoveObject;(9, 6);1;1277
3;0.125;;(9, 6);RemoveObject;(9, 6);1;1278
3;0.125;;(9, 6);RemoveObject;(9, 6);1;1279
3;0.125;;(9, 6);RemoveObject;(9, 6);1;1280
3;0.125;;(9, 6);RemoveObject;(9, 6);1;1281
3;0.125;;(9, 6);RemoveObject;(9, 6);1;1282
3;0.125;;(9, 6);RemoveObject;(9, 6);1;1283
3;0.125;;(9, 6);RemoveObject;(9, 6);1;1284
3;0.125;;(9, 6);RemoveObject;(9, 6);1;1285
3;0.125;;(9, 6);RemoveObject;(9, 6);1;1286
3;0.125;;(9, 6);RemoveObject;(9, 6);1;1287
3;0.125;;(9, 6);RemoveObject;(9, 6);1;1288
3;0.125;;(9, 6);RemoveObject;(9, 6);1;1289
3;0.125;;(9, 6);RemoveObject;(9, 6);1;1290
3;0.125;;(9, 6);RemoveObject;(9, 6);1;1291
3;0.125;;(9, 6);RemoveObject;(9, 6);1;1292
3;0.125;;(9, 6);RemoveObject;(9, 6);1;1293
3;0.125;;(9, 6);RemoveObject;(9, 6);1;1294
3;0.125;;(9, 6);RemoveObject;(9, 6);1;1295
3;0.125;;(9, 6);RemoveObject;(9, 6);1;1296
3;0.125;;(9, 6);RemoveObject;(9, 6);1;1297
3;0.125;;(9, 6);RemoveObject;(9, 6);1;1298
3;0.125;;(9, 6);RemoveObject;(9, 6);1;1299
3;0.125;;(9, 6);RemoveObject;(9, 6);1;1300
3;0.125;;(9, 6);RemoveObject;(9, 6);1;1301
3;0.125;;(9, 6);RemoveObject;(9, 6);1;1302
3;0.125;;(9, 6);RemoveObject;(9, 6);1;1303
3;0.125;;(9, 6);RemoveObject;(9, 6);1;1304
3;0.125;;(9, 6);RemoveObject;(9, 6);1;1305
3;0.125;;(9, 6);RemoveObject;(9, 6);1;1306
3;0.125;;(9, 6);RemoveObject;(9, 6);1;1307
3;0.125;;(9, 6);RemoveObject;(9, 6);1;1308
3;0.125;;(9, 6);RemoveObject;(9, 6);1;1309
3;0.125;;(9, 6);RemoveObject;(9, 6);1;1310
3;0.125;;(9, 6);RemoveObject;(9, 6);1;1311
3;0.125;;(9, 6);RemoveObject;(9, 6);1;1312
3;0.125;;(9, 6);RemoveObject;(9, 6);1;1313
3;0.125;;(9, 6);RemoveObject;(9, 6);1;1314
3;0.125;;(9, 6);RemoveObject;(9, 6);1;1315
3;0.125;;(9, 6);RemoveObject;(9, 6);1;1316
3;0.125;;(9, 6);RemoveObject;(9, 6);1;1317
3;0.125;;(9, 6);RemoveObject;(9, 6);1;1318
3;0.125;;(9, 6);RemoveObject;(9, 6);1;1319
3;0.125;;(9, 6);RemoveObject;(9, 6);1;1320
3;0.125;;(9, 6);RemoveObject;(9, 6);1;1321
3;0.125;;(9, 6);RemoveObject;(9, 6);1;1322
3;0.125;;(9, 6);RemoveObject;(9, 6);1;1323
3;0.125;;(9, 6);RemoveObject;(9, 6);1;1324
3;0.125;;(9, 6);RemoveObject;(9, 6);1;1325
3;0.125;;(9, 6);RemoveObject;(9, 6);1;1326
3;0.125;;(9, 6);RemoveObject;(9, 6);1;1327
3;0.125;;(9, 6);RemoveObject;(9, 6);1;1328
3;0.125;;(9, 6);RemoveObject;(9, 6);1;1329
3;0.125;;(9, 6);RemoveObject;(9, 6);1;1330
3;0.125;;(9, 6);RemoveObject;(9, 6);1;1331
3;0.125;;(9, 6);RemoveObject;(9, 6);1;1332
3;0.125;;(9, 6);RemoveObject;(9, 6);1;1333
3;0.125;;(9, 6);RemoveObject;(9, 6);1;1334
3;0.125;;(9, 6);RemoveObject;(9, 6);1;1335
3;0.125;;(9, 6);RemoveObject;(9, 6);1;1336
3;0.125;;(9, 6);RemoveObject;(9, 6);1;1337
3;0.125;;(9, 6);RemoveObject;(9, 6);1;1338
3;0.125;;(9, 6);RemoveObject;(9, 6);1;1339
3;0.125;;(9, 6);RemoveObject;(9, 6);1;1340
3;0.125;;(9, 6);RemoveObject;(9, 6);1;1341
3;0.125;;(9, 6);RemoveObject;(9, 6);1;1342
3;0.125;;(9, 6);RemoveObject;(9, 6);1;1343
3;0.125;;(9, 6);RemoveObject;(9, 6);1;1344
3;0.125;;(9, 6);RemoveObject;(9, 6);1;1345
3;0.125;;(9, 6);RemoveObject;(9, 6);1;1346
3;0.125;;(9, 6);RemoveObject;(9, 6);1;1347
3;0.125;MoveSouth;(9, 6);;(9, 6);1;1348
3;0.125;MoveSouth;(9, 6);;(9, 6);1;1349
3;0.125;MoveSouth;(9, 6);;(9, 6);1;1350
3;0.125;MoveSouth;(9, 6);;(9, 6);1;1351
3;0.125;MoveSouth;(9, 6);;(9, 6);1;1352
3;0.125;MoveSouth;(9, 6);;(9, 6);1;1353
3;0.125;MoveSouth;(9, 6);;(9, 6);1;1354
3;0.125;MoveSouth;(9, 6);;(9, 6);1;1355
3;0.125;MoveSouth;(9, 7);;(9, 6);1;1356
3;0.125;MoveSouthWest;(9, 7);;(9, 6);1;1357
3;0.125;MoveSouthWest;(9, 7);;(9, 6);1;1358
3;0.125;MoveSouthWest;(9, 7);;(9, 6);1;1359
3;0.125;MoveSouthWest;(9, 7);;(9, 6);1;1360
3;0.125;MoveSouthWest;(9, 7);;(9, 6);1;1361
3;0.125;MoveSouthWest;(9, 7);;(9, 6);1;1362
3;0.125;MoveSouthWest;(9, 7);;(9, 6);1;1363
3;0.125;MoveSouthWest;(9, 7);MoveSouth;(9, 7);1;1364
3;0.125;MoveSouthWest;(8, 8);;(9, 7);1;1365
3;0.125;MoveSouthEast;(8, 8);;(9, 7);1;1366
3;0.125;MoveSouthEast;(8, 8);;(9, 7);1;1367
3;0.125;MoveSouthEast;(8, 8);;(9, 7);1;1368
3;0.125;MoveSouthEast;(8, 8);MoveSouth;(9, 8);1;1369
3;0.125;MoveSouthEast;(8, 8);;(9, 8);1;1370
3;0.125;MoveSouthEast;(8, 8);;(9, 8);1;1371
3;0.125;MoveSouthEast;(8, 8);;(9, 8);1;1372
3;0.125;MoveSouthEast;(8, 8);;(9, 8);1;1373
3;0.125;MoveSouthEast;(9, 9);MoveSouth;(9, 9);1;1374
3;0.125;MoveNorthEast;(9, 9);;(9, 9);1;1375
3;0.125;MoveNorthEast;(9, 9);;(9, 9);1;1376
3;0.125;MoveNorthEast;(9, 9);;(9, 9);1;1377
3;0.125;MoveNorthEast;(9, 9);;(9, 9);1;1378
3;0.125;MoveNorthEast;(9, 9);MoveWest;(8, 9);1;1379
3;0.125;MoveNorthEast;(9, 9);;(8, 9);1;1380
3;0.125;MoveNorthEast;(9, 9);;(8, 9);1;1381
3;0.125;MoveNorthEast;(9, 9);;(8, 9);1;1382
3;0.125;MoveNorthEast;(10, 8);;(8, 9);1;1383
3;0.125;;(10, 8);MoveEast;(9, 9);1;1384
3;0.125;;(10, 8);;(9, 9);1;1385
3;0.125;;(10, 8);;(9, 9);1;1386
3;0.125;;(10, 8);;(9, 9);1;1387
3;0.125;;(10, 8);;(9, 9);1;1388
3;0.125;;(10, 8);;(9, 9);1;1389
3;0.125;;(10, 8);;(9, 9);1;1390
3;0.125;;(10, 8);;(9, 9);1;1391
3;0.125;;(10, 8);;(9, 9);1;1392
3;0.125;;(10, 8);;(9, 9);1;1393
3;0.125;;(10, 8);;(9, 9);1;1394
3;0.125;;(10, 8);;(9, 9);1;1395
3;0.125;;(10, 8);;(9, 9);1;1396
3;0.125;;(10, 8);;(9, 9);1;1397
3;0.125;;(10, 8);;(9, 9);1;1398
3;0.125;;(10, 8);;(9, 9);1;1399
3;0.125;;(10, 8);;(9, 9);1;1400
3;0.125;;(10, 8);;(9, 9);1;1401
3;0.125;;(10, 8);;(9, 9);1;1402
3;0.125;;(10, 8);;(9, 9);1;1403
3;0.125;;(10, 8);;(9, 9);1;1404
3;0.125;;(10, 8);;(9, 9);1;1405
3;0.125;;(10, 8);;(9, 9);1;1406
3;0.125;;(10, 8);;(9, 9);1;1407
3;0.125;;(10, 8);;(9, 9);1;1408
3;0.125;;(10, 8);;(9, 9);1;1409
3;0.125;;(10, 8);;(9, 9);1;1410
3;0.125;;(10, 8);;(9, 9);1;1411
3;0.125;;(10, 8);;(9, 9);1;1412
3;0.125;;(10, 8);;(9, 9);1;1413
3;0.125;;(10, 8);;(9, 9);1;1414
3;0.125;;(10, 8);;(9, 9);1;1415
3;0.125;;(10, 8);;(9, 9);1;1416
3;0.125;;(10, 8);;(9, 9);1;1417
3;0.125;;(10, 8);;(9, 9);1;1418
3;0.125;;(10, 8);;(9, 9);1;1419
3;0.125;;(10, 8);;(9, 9);1;1420
3;0.125;;(10, 8);;(9, 9);1;1421
3;0.125;;(10, 8);;(9, 9);1;1422
3;0.125;;(10, 8);;(9, 9);1;1423
3;0.125;;(10, 8);;(9, 9);1;1424
3;0.125;;(10, 8);;(9, 9);1;1425
3;0.125;;(10, 8);;(9, 9);1;1426
3;0.125;;(10, 8);;(9, 9);1;1427
3;0.125;;(10, 8);;(9, 9);1;1428
3;0.125;;(10, 8);;(9, 9);1;1429
3;0.125;;(10, 8);;(9, 9);1;1430
3;0.125;;(10, 8);;(9, 9);1;1431
3;0.125;;(10, 8);;(9, 9);1;1432
3;0.125;Idle;(10, 8);;(9, 9);1;1433
3;0.125;Idle;(10, 8);;(9, 9);1;1434
3;0.125;Idle;(10, 8);;(9, 9);1;1435
3;0.125;Idle;(10, 8);;(9, 9);1;1436
3;0.125;Idle;(10, 8);;(9, 9);1;1437
3;0.125;Idle;(10, 8);;(9, 9);1;1438
3;0.125;Idle;(10, 8);;(9, 9);1;1439
3;0.125;Idle;(10, 8);;(9, 9);1;1440
3;0.125;Idle;(10, 8);;(9, 9);1;1441
3;0.125;Idle;(10, 8);;(9, 9);1;1442
3;0.125;Idle;(10, 8);;(9, 9);1;1443
3;0.125;Idle;(10, 8);MoveWest;(8, 9);1;1444
3;0.125;Idle;(10, 8);;(8, 9);1;1445
3;0.125;Idle;(10, 8);;(8, 9);1;1446
3;0.125;Idle;(10, 8);;(8, 9);1;1447
3;0.125;Idle;(10, 8);;(8, 9);1;1448
3;0.125;Idle;(10, 8);;(8, 9);1;1449
3;0.125;Idle;(10, 8);;(8, 9);1;1450
3;0.125;Idle;(10, 8);;(8, 9);1;1451
3;0.125;Idle;(10, 8);;(8, 9);1;1452
3;0.125;Idle;(10, 8);;(8, 9);1;1453
3;0.125;Idle;(10, 8);;(8, 9);1;1454
3;0.125;Idle;(10, 8);;(8, 9);1;1455
3;0.125;Idle;(10, 8);;(8, 9);1;1456
3;0.125;Idle;(10, 8);;(8, 9);1;1457
3;0.125;Idle;(10, 8);;(8, 9);1;1458
3;0.125;MoveWest;(10, 8);;(8, 9);1;1459
3;0.125;MoveWest;(10, 8);;(8, 9);1;1460
3;0.125;MoveWest;(10, 8);;(8, 9);1;1461
3;0.125;MoveWest;(10, 8);;(8, 9);1;1462
3;0.125;MoveWest;(10, 8);;(8, 9);1;1463
3;0.125;MoveWest;(10, 8);;(8, 9);1;1464
3;0.125;MoveWest;(10, 8);;(8, 9);1;1465
3;0.125;MoveWest;(10, 8);;(8, 9);1;1466
3;0.125;MoveWest;(9, 8);;(8, 9);1;1467
3;0.125;MoveSouthWest;(9, 8);;(8, 9);1;1468
3;0.125;MoveSouthWest;(9, 8);;(8, 9);1;1469
3;0.125;MoveSouthWest;(9, 8);CarryObjectTogether;(8, 9);1;1470
3;0.125;MoveSouthWest;(9, 8);;(8, 9);1;1471
3;0.125;MoveSouthWest;(9, 8);;(8, 9);1;1472
3;0.125;MoveSouthWest;(9, 8);;(8, 9);1;1473
3;0.125;MoveSouthWest;(9, 8);;(8, 9);1;1474
3;0.125;MoveSouthWest;(9, 8);;(8, 9);1;1475
3;0.125;MoveSouthWest;(8, 9);;(8, 9);1;1476
3;0.125;;(8, 9);;(8, 9);1;1477
3;0.125;;(8, 9);;(8, 9);1;1478
3;0.125;;(8, 9);;(8, 9);1;1479
3;0.125;;(8, 9);;(8, 9);1;1480
3;0.125;;(8, 9);;(8, 9);1;1481
3;0.125;;(8, 9);CarryObjectTogether;(8, 9);1;1482
3;0.125;;(8, 9);;(8, 9);1;1483
3;0.125;;(8, 9);;(8, 9);1;1484
3;0.125;;(8, 9);;(8, 9);1;1485
3;0.125;;(8, 9);;(8, 9);1;1486
3;0.125;;(8, 9);;(8, 9);1;1487
3;0.125;;(8, 9);;(8, 9);1;1488
3;0.125;;(8, 9);;(8, 9);1;1489
3;0.125;;(8, 9);;(8, 9);1;1490
3;0.125;;(8, 9);MoveNorth;(8, 8);1;1491
3;0.125;;(8, 9);;(8, 8);1;1492
3;0.125;;(8, 9);;(8, 8);1;1493
3;0.125;;(8, 9);MoveEast;(9, 8);1;1494
3;0.125;;(8, 9);;(9, 8);1;1495
3;0.125;;(8, 9);;(9, 8);1;1496
3;0.125;;(8, 9);;(9, 8);1;1497
3;0.125;;(8, 9);MoveNorth;(9, 7);1;1498
3;0.125;;(8, 9);;(9, 7);1;1499
3;0.125;;(8, 9);;(9, 7);1;1500
3;0.125;;(8, 9);;(9, 7);1;1501
3;0.125;;(8, 9);;(9, 7);1;1502
3;0.125;;(8, 9);MoveNorth;(9, 6);1;1503
3;0.125;;(8, 9);;(9, 6);1;1504
3;0.125;;(8, 9);;(9, 6);1;1505
3;0.125;;(8, 9);;(9, 6);1;1506
3;0.125;;(8, 9);MoveEast;(10, 6);1;1507
3;0.125;;(8, 9);;(10, 6);1;1508
3;0.125;;(8, 9);;(10, 6);1;1509
3;0.125;;(8, 9);;(10, 6);1;1510
3;0.125;;(8, 9);;(10, 6);1;1511
3;0.125;;(8, 9);MoveEast;(10, 6);1;1512
3;0.125;;(8, 9);MoveEast;(10, 6);1;1513
3;0.125;;(8, 9);MoveEast;(10, 6);1;1514
3;0.125;;(8, 9);MoveEast;(10, 6);1;1515
3;0.125;;(8, 9);MoveEast;(10, 6);1;1516
3;0.125;;(8, 9);MoveEast;(11, 6);1;1517
3;0.125;;(8, 9);MoveEast;(11, 6);1;1518
3;0.125;;(8, 9);MoveEast;(11, 6);1;1519
3;0.125;;(8, 9);MoveEast;(11, 6);1;1520
3;0.125;;(8, 9);MoveEast;(11, 6);1;1521
3;0.125;;(8, 9);MoveEast;(11, 6);1;1522
3;0.125;;(8, 9);MoveEast;(12, 6);1;1523
3;0.125;;(8, 9);MoveEast;(12, 6);1;1524
3;0.125;;(8, 9);MoveEast;(12, 6);1;1525
3;0.125;;(8, 9);MoveEast;(12, 6);1;1526
3;0.125;;(8, 9);MoveEast;(12, 6);1;1527
3;0.125;;(8, 9);MoveEast;(12, 6);1;1528
3;0.125;;(8, 9);MoveEast;(13, 6);1;1529
3;0.125;;(8, 9);MoveEast;(14, 6);1;1530
3;0.125;;(8, 9);MoveEast;(15, 6);1;1531
3;0.125;;(8, 9);MoveEast;(16, 6);1;1532
3;0.125;;(8, 9);MoveEast;(17, 6);1;1533
3;0.125;;(8, 9);MoveEast;(18, 6);1;1534
3;0.125;;(8, 9);MoveEast;(19, 6);1;1535
3;0.125;;(8, 9);MoveEast;(19, 6);1;1536
3;0.125;;(8, 9);MoveEast;(19, 6);1;1537
3;0.125;;(8, 9);MoveEast;(19, 6);1;1538
3;0.125;;(8, 9);MoveEast;(19, 6);1;1539
3;0.125;;(8, 9);MoveEast;(19, 6);1;1540
3;0.125;;(8, 9);MoveEast;(20, 6);1;1541
3;0.125;;(8, 9);MoveSouth;(20, 7);1;1542
3;0.125;;(8, 9);MoveSouth;(20, 8);1;1543
3;0.125;;(8, 9);MoveSouth;(20, 9);1;1544
3;0.125;;(8, 9);MoveSouth;(20, 10);1;1545
3;0.125;;(8, 9);MoveSouth;(20, 11);1;1546
3;0.125;;(8, 9);MoveSouth;(20, 12);1;1547
3;0.125;;(8, 9);MoveEast;(21, 12);1;1548
3;0.125;;(8, 9);;(21, 12);1;1549
3;0.125;;(8, 9);;(21, 12);1;1550
3;0.125;;(8, 9);;(21, 12);1;1551
3;0.125;;(8, 9);;(21, 12);1;1552
3;0.125;;(8, 9);MoveEast;(22, 12);1;1553
3;0.125;;(8, 9);MoveEast;(23, 12);1;1554
3;0.125;;(8, 9);MoveEast;(23, 12);1;1555
3;0.125;;(8, 9);MoveEast;(23, 12);1;1556
3;0.125;;(8, 9);MoveEast;(23, 12);1;1557
3;0.125;;(8, 9);MoveNorth;(23, 11);1;1558
3;0.125;;(8, 9);;(23, 11);1;1559
3;0.125;;(8, 9);;(23, 11);1;1560
3;0.125;;(8, 9);;(23, 11);1;1561
3;0.125;;(8, 9);;(23, 11);1;1562
3;0.125;;(8, 9);;(23, 11);1;1563
3;0.125;;(8, 9);;(23, 11);1;1564
3;0.125;;(8, 9);;(23, 11);1;1565
3;0.125;;(8, 9);;(23, 11);1;1566
3;0.125;;(8, 9);;(23, 11);1;1567
3;0.125;;(8, 9);;(23, 11);1;1568
3;0.125;;(8, 9);;(23, 11);1;1569
3;0.125;;(8, 9);;(23, 11);1;1570
3;0.125;;(8, 9);;(23, 11);1;1571
3;0.125;;(8, 9);;(23, 11);1;1572
3;0.125;;(8, 9);;(23, 11);1;1573
3;0.125;;(8, 9);;(23, 11);1;1574
3;0.125;;(8, 9);;(23, 11);1;1575
3;0.125;;(8, 9);;(23, 11);1;1576
3;0.125;;(8, 9);;(23, 11);1;1577
3;0.125;;(8, 9);;(23, 11);1;1578
3;0.125;;(8, 9);;(23, 11);1;1579
3;0.125;;(8, 9);;(23, 11);1;1580
3;0.125;;(8, 9);;(23, 11);1;1581
9;0.25;;(23, 11);DropObjectTogether;(23, 11);1;1582
9;0.25;MoveWest;(23, 11);;(23, 11);1;1583
9;0.25;MoveWest;(23, 11);;(23, 11);1;1584
9;0.25;MoveWest;(23, 11);;(23, 11);1;1585
9;0.25;MoveWest;(23, 11);;(23, 11);1;1586
9;0.25;MoveWest;(23, 11);;(23, 11);1;1587
9;0.25;MoveWest;(23, 11);;(23, 11);1;1588
9;0.25;MoveWest;(23, 11);;(23, 11);1;1589
9;0.25;MoveWest;(23, 11);;(23, 11);1;1590
9;0.25;MoveWest;(22, 11);;(23, 11);1;1591
9;0.25;MoveNorthWest;(22, 11);;(23, 11);1;1592
9;0.25;MoveNorthWest;(22, 11);;(23, 11);1;1593
9;0.25;MoveNorthWest;(22, 11);;(23, 11);1;1594
9;0.25;MoveNorthWest;(22, 11);;(23, 11);1;1595
9;0.25;MoveNorthWest;(22, 11);MoveWest;(22, 11);1;1596
9;0.25;MoveNorthWest;(22, 11);;(22, 11);1;1597
9;0.25;MoveNorthWest;(22, 11);;(22, 11);1;1598
9;0.25;MoveNorthWest;(22, 11);;(22, 11);1;1599
9;0.25;MoveNorthWest;(21, 10);;(22, 11);1;1600
9;0.25;MoveNorthWest;(21, 10);;(22, 11);1;1601
9;0.25;MoveNorthWest;(21, 10);;(22, 11);1;1602
9;0.25;MoveNorthWest;(21, 10);;(22, 11);1;1603
9;0.25;MoveNorthWest;(21, 10);;(22, 11);1;1604
9;0.25;MoveNorthWest;(21, 10);;(22, 11);1;1605
9;0.25;MoveNorthWest;(21, 10);;(22, 11);1;1606
9;0.25;MoveNorthWest;(21, 10);;(22, 11);1;1607
9;0.25;MoveNorthWest;(21, 10);;(22, 11);1;1608
9;0.25;MoveNorthWest;(20, 9);;(22, 11);1;1609
9;0.25;MoveNorthWest;(20, 9);;(22, 11);1;1610
9;0.25;MoveNorthWest;(20, 9);;(22, 11);1;1611
9;0.25;MoveNorthWest;(20, 9);MoveWest;(21, 11);1;1612
9;0.25;MoveNorthWest;(20, 9);;(21, 11);1;1613
9;0.25;MoveNorthWest;(20, 9);;(21, 11);1;1614
9;0.25;MoveNorthWest;(20, 9);;(21, 11);1;1615
9;0.25;MoveNorthWest;(20, 9);;(21, 11);1;1616
9;0.25;MoveNorthWest;(20, 9);MoveNorth;(21, 10);1;1617
9;0.25;MoveNorthWest;(19, 8);;(21, 10);1;1618
9;0.25;MoveNorthWest;(19, 8);;(21, 10);1;1619
9;0.25;MoveNorthWest;(19, 8);;(21, 10);1;1620
9;0.25;MoveNorthWest;(19, 8);MoveWest;(20, 10);1;1621
9;0.25;MoveNorthWest;(19, 8);;(20, 10);1;1622
9;0.25;MoveNorthWest;(19, 8);;(20, 10);1;1623
9;0.25;MoveNorthWest;(19, 8);;(20, 10);1;1624
9;0.25;MoveNorthWest;(19, 8);;(20, 10);1;1625
9;0.25;MoveNorthWest;(19, 8);MoveNorth;(20, 9);1;1626
9;0.25;MoveNorthWest;(19, 8);;(20, 9);1;1627
9;0.25;MoveNorthWest;(19, 8);;(20, 9);1;1628
9;0.25;MoveNorthWest;(19, 8);MoveWest;(19, 9);1;1629
9;0.25;MoveNorthWest;(19, 8);;(19, 9);1;1630
9;0.25;MoveNorthWest;(19, 8);;(19, 9);1;1631
9;0.25;MoveNorthWest;(18, 7);;(19, 9);1;1632
9;0.25;MoveNorthWest;(18, 7);MoveNorth;(19, 9);1;1633
9;0.25;MoveNorthWest;(18, 7);MoveNorth;(19, 9);1;1634
9;0.25;MoveNorthWest;(18, 7);MoveNorth;(19, 9);1;1635
9;0.25;MoveNorthWest;(18, 7);MoveNorth;(19, 9);1;1636
9;0.25;MoveNorthWest;(18, 7);MoveNorth;(19, 9);1;1637
9;0.25;MoveNorthWest;(18, 7);MoveNorth;(19, 8);1;1638
9;0.25;MoveNorthWest;(18, 7);MoveNorth;(19, 8);1;1639
9;0.25;MoveNorthWest;(18, 7);MoveNorth;(19, 8);1;1640
9;0.25;MoveNorthWest;(17, 6);MoveNorth;(19, 8);1;1641
9;0.25;MoveWest;(17, 6);MoveNorth;(19, 8);1;1642
9;0.25;MoveWest;(17, 6);MoveNorth;(19, 8);1;1643
9;0.25;MoveWest;(17, 6);MoveNorth;(19, 7);1;1644
9;0.25;MoveWest;(17, 6);MoveNorth;(19, 7);1;1645
9;0.25;MoveWest;(17, 6);MoveNorth;(19, 7);1;1646
9;0.25;MoveWest;(17, 6);MoveNorth;(19, 7);1;1647
9;0.25;MoveWest;(17, 6);MoveNorth;(19, 7);1;1648
9;0.25;MoveWest;(17, 6);MoveNorth;(19, 7);1;1649
9;0.25;MoveWest;(16, 6);MoveNorth;(19, 6);1;1650
9;0.25;MoveWest;(16, 6);MoveNorth;(19, 6);1;1651
9;0.25;MoveWest;(16, 6);MoveNorth;(19, 6);1;1652
9;0.25;MoveWest;(16, 6);MoveNorth;(19, 6);1;1653
9;0.25;MoveWest;(16, 6);MoveNorth;(19, 6);1;1654
9;0.25;MoveWest;(16, 6);MoveNorth;(19, 6);1;1655
9;0.25;MoveWest;(16, 6);MoveNorth;(19, 5);1;1656
9;0.25;MoveWest;(16, 6);MoveNorth;(19, 5);1;1657
9;0.25;MoveWest;(16, 6);MoveNorth;(19, 5);1;1658
9;0.25;MoveWest;(15, 6);MoveNorth;(19, 5);1;1659
9;0.25;MoveWest;(15, 6);MoveNorth;(19, 5);1;1660
9;0.25;MoveWest;(15, 6);MoveNorth;(19, 5);1;1661
9;0.25;MoveWest;(15, 6);MoveNorth;(19, 5);1;1662
9;0.25;MoveWest;(15, 6);MoveEast;(19, 5);1;1663
9;0.25;MoveWest;(15, 6);MoveEast;(19, 5);1;1664
9;0.25;MoveWest;(15, 6);MoveEast;(19, 5);1;1665
9;0.25;MoveWest;(15, 6);MoveEast;(19, 5);1;1666
9;0.25;MoveWest;(15, 6);MoveEast;(19, 5);1;1667
9;0.25;MoveWest;(14, 6);MoveEast;(20, 5);1;1668
9;0.25;MoveWest;(14, 6);MoveEast;(20, 5);1;1669
9;0.25;MoveWest;(14, 6);MoveEast;(20, 5);1;1670
9;0.25;MoveWest;(14, 6);MoveEast;(20, 5);1;1671
9;0.25;MoveWest;(14, 6);MoveEast;(20, 5);1;1672
9;0.25;MoveWest;(14, 6);MoveEast;(20, 5);1;1673
9;0.25;MoveWest;(14, 6);MoveEast;(21, 5);1;1674
9;0.25;MoveWest;(14, 6);MoveEast;(22, 5);1;1675
9;0.25;MoveWest;(14, 6);;(22, 5);1;1676
9;0.25;MoveWest;(13, 6);;(22, 5);1;1677
9;0.25;MoveWest;(13, 6);MoveNorth;(22, 5);1;1678
9;0.25;MoveWest;(13, 6);MoveNorth;(22, 5);1;1679
9;0.25;MoveWest;(13, 6);MoveNorth;(22, 5);1;1680
9;0.25;MoveWest;(13, 6);MoveNorth;(22, 5);1;1681
9;0.25;MoveWest;(13, 6);MoveNorth;(22, 5);1;1682
9;0.25;MoveWest;(13, 6);MoveNorth;(22, 5);1;1683
9;0.25;MoveWest;(13, 6);MoveWest;(22, 5);1;1684
9;0.25;MoveWest;(13, 6);MoveWest;(22, 5);1;1685
9;0.25;MoveWest;(12, 6);MoveWest;(22, 5);1;1686
9;0.25;MoveWest;(12, 6);MoveWest;(22, 5);1;1687
9;0.25;MoveWest;(12, 6);MoveWest;(22, 5);1;1688
9;0.25;MoveWest;(12, 6);MoveWest;(21, 5);1;1689
9;0.25;MoveWest;(12, 6);MoveNorth;(21, 4);1;1690
9;0.25;MoveWest;(12, 6);;(21, 4);1;1691
9;0.25;MoveWest;(12, 6);;(21, 4);1;1692
9;0.25;MoveWest;(12, 6);MoveNorth;(21, 3);1;1693
9;0.25;MoveWest;(12, 6);MoveNorth;(21, 2);1;1694
9;0.25;MoveWest;(12, 6);MoveNorth;(21, 2);1;1695
9;0.25;MoveWest;(12, 6);;(21, 2);1;1696
9;0.25;MoveWest;(12, 6);MoveNorth;(21, 2);1;1697
9;0.25;MoveWest;(12, 6);;(21, 2);1;1698
9;0.25;MoveWest;(12, 6);;(21, 2);1;1699
9;0.25;MoveWest;(11, 6);MoveSouth;(21, 3);1;1700
9;0.25;MoveNorthWest;(11, 6);;(21, 3);1;1701
9;0.25;MoveNorthWest;(11, 6);;(21, 3);1;1702
9;0.25;MoveNorthWest;(11, 6);MoveSouth;(21, 4);1;1703
9;0.25;MoveNorthWest;(11, 6);;(21, 4);1;1704
9;0.25;MoveNorthWest;(11, 6);;(21, 4);1;1705
9;0.25;MoveNorthWest;(11, 6);MoveSouth;(21, 5);1;1706
9;0.25;MoveNorthWest;(11, 6);MoveWest;(20, 5);1;1707
9;0.25;MoveNorthWest;(11, 6);;(20, 5);1;1708
9;0.25;MoveNorthWest;(11, 6);;(20, 5);1;1709
9;0.25;MoveNorthWest;(11, 6);;(20, 5);1;1710
9;0.25;MoveNorthWest;(11, 6);;(20, 5);1;1711
9;0.25;MoveNorthWest;(11, 6);MoveWest;(20, 5);1;1712
9;0.25;MoveNorthWest;(11, 6);MoveWest;(20, 5);1;1713
9;0.25;MoveNorthWest;(10, 5);MoveWest;(20, 5);1;1714
9;0.25;MoveWest;(10, 5);MoveWest;(20, 5);1;1715
9;0.25;MoveWest;(10, 5);MoveWest;(20, 5);1;1716
9;0.25;MoveWest;(10, 5);MoveWest;(19, 5);1;1717
9;0.25;MoveWest;(10, 5);MoveWest;(19, 5);1;1718
9;0.25;MoveWest;(10, 5);MoveWest;(19, 5);1;1719
9;0.25;MoveWest;(10, 5);MoveWest;(19, 5);1;1720
9;0.25;MoveWest;(10, 5);MoveWest;(19, 5);1;1721
9;0.25;MoveWest;(10, 5);MoveWest;(19, 5);1;1722
9;0.25;MoveWest;(10, 5);MoveWest;(18, 5);1;1723
9;0.25;MoveWest;(10, 5);MoveWest;(17, 5);1;1724
9;0.25;MoveWest;(10, 5);;(17, 5);1;1725
9;0.25;MoveWest;(10, 5);MoveWest;(16, 5);1;1726
9;0.25;MoveWest;(10, 5);;(16, 5);1;1727
9;0.25;MoveWest;(9, 5);;(16, 5);1;1728
9;0.25;;(9, 5);;(16, 5);1;1729
9;0.25;;(9, 5);;(16, 5);1;1730
9;0.25;;(9, 5);;(16, 5);1;1731
9;0.25;;(9, 5);MoveSouth;(16, 6);1;1732
9;0.25;;(9, 5);;(16, 6);1;1733
9;0.25;;(9, 5);;(16, 6);1;1734
9;0.25;;(9, 5);;(16, 6);1;1735
9;0.25;;(9, 5);;(16, 6);1;1736
9;0.25;;(9, 5);MoveWest;(15, 6);1;1737
9;0.25;;(9, 5);;(15, 6);1;1738
9;0.25;;(9, 5);;(15, 6);1;1739
9;0.25;;(9, 5);MoveSouth;(15, 6);1;1740
9;0.25;;(9, 5);;(15, 6);1;1741
9;0.25;;(9, 5);;(15, 6);1;1742
9;0.25;;(9, 5);;(15, 6);1;1743
9;0.25;;(9, 5);;(15, 6);1;1744
9;0.25;;(9, 5);;(15, 6);1;1745
9;0.25;;(9, 5);MoveSouth;(15, 6);1;1746
9;0.25;;(9, 5);;(15, 6);1;1747
9;0.25;;(9, 5);;(15, 6);1;1748
9;0.25;;(9, 5);;(15, 6);1;1749
9;0.25;;(9, 5);;(15, 6);1;1750
9;0.25;;(9, 5);;(15, 6);1;1751
9;0.25;;(9, 5);;(15, 6);1;1752
9;0.25;;(9, 5);;(15, 6);1;1753
9;0.25;;(9, 5);;(15, 6);1;1754
9;0.25;;(9, 5);;(15, 6);1;1755
9;0.25;;(9, 5);;(15, 6);1;1756
9;0.25;;(9, 5);;(15, 6);1;1757
9;0.25;;(9, 5);;(15, 6);1;1758
9;0.25;;(9, 5);;(15, 6);1;1759
9;0.25;;(9, 5);;(15, 6);1;1760
9;0.25;;(9, 5);;(15, 6);1;1761
9;0.25;;(9, 5);;(15, 6);1;1762
9;0.25;;(9, 5);;(15, 6);1;1763
9;0.25;;(9, 5);;(15, 6);1;1764
9;0.25;;(9, 5);;(15, 6);1;1765
9;0.25;;(9, 5);;(15, 6);1;1766
9;0.25;;(9, 5);;(15, 6);1;1767
9;0.25;;(9, 5);;(15, 6);1;1768
9;0.25;;(9, 5);;(15, 6);1;1769
9;0.25;;(9, 5);;(15, 6);1;1770
9;0.25;;(9, 5);;(15, 6);1;1771
9;0.25;;(9, 5);;(15, 6);1;1772
9;0.25;;(9, 5);;(15, 6);1;1773
9;0.25;;(9, 5);;(15, 6);1;1774
9;0.25;;(9, 5);;(15, 6);1;1775
9;0.25;;(9, 5);;(15, 6);1;1776
9;0.25;;(9, 5);;(15, 6);1;1777
9;0.25;;(9, 5);;(15, 6);1;1778
9;0.25;;(9, 5);;(15, 6);1;1779
9;0.25;;(9, 5);;(15, 6);1;1780
9;0.25;;(9, 5);;(15, 6);1;1781
9;0.25;;(9, 5);;(15, 6);1;1782
9;0.25;;(9, 5);;(15, 6);1;1783
9;0.25;MoveEast;(9, 5);;(15, 6);1;1784
9;0.25;MoveEast;(9, 5);;(15, 6);1;1785
9;0.25;MoveEast;(9, 5);;(15, 6);1;1786
9;0.25;MoveEast;(9, 5);;(15, 6);1;1787
9;0.25;MoveEast;(9, 5);;(15, 6);1;1788
9;0.25;MoveEast;(9, 5);;(15, 6);1;1789
9;0.25;MoveEast;(9, 5);;(15, 6);1;1790
9;0.25;MoveEast;(9, 5);;(15, 6);1;1791
9;0.25;MoveEast;(10, 5);;(15, 6);1;1792
9;0.25;MoveEast;(10, 5);;(15, 6);1;1793
9;0.25;MoveEast;(10, 5);;(15, 6);1;1794
9;0.25;MoveEast;(10, 5);;(15, 6);1;1795
9;0.25;MoveEast;(10, 5);;(15, 6);1;1796
9;0.25;MoveEast;(10, 5);;(15, 6);1;1797
9;0.25;MoveEast;(10, 5);;(15, 6);1;1798
9;0.25;MoveEast;(10, 5);;(15, 6);1;1799
9;0.25;MoveEast;(10, 5);;(15, 6);1;1800
9;0.25;MoveEast;(10, 5);;(15, 6);1;1801
9;0.25;MoveEast;(10, 5);;(15, 6);1;1802
9;0.25;MoveEast;(10, 5);;(15, 6);1;1803
9;0.25;MoveEast;(10, 5);;(15, 6);1;1804
9;0.25;MoveEast;(10, 5);;(15, 6);1;1805
9;0.25;MoveEast;(11, 5);;(15, 6);1;1806
9;0.25;MoveEast;(11, 5);;(15, 6);1;1807
9;0.25;MoveEast;(11, 5);;(15, 6);1;1808
9;0.25;MoveEast;(11, 5);;(15, 6);1;1809
9;0.25;MoveEast;(11, 5);;(15, 6);1;1810
9;0.25;MoveEast;(11, 5);;(15, 6);1;1811
9;0.25;MoveEast;(11, 5);;(15, 6);1;1812
9;0.25;MoveEast;(11, 5);;(15, 6);1;1813
9;0.25;MoveEast;(11, 5);;(15, 6);1;1814
9;0.25;MoveEast;(12, 5);;(15, 6);1;1815
9;0.25;MoveEast;(12, 5);;(15, 6);1;1816
9;0.25;MoveEast;(12, 5);;(15, 6);1;1817
9;0.25;MoveEast;(12, 5);;(15, 6);1;1818
9;0.25;MoveEast;(12, 5);;(15, 6);1;1819
9;0.25;MoveEast;(12, 5);;(15, 6);1;1820
9;0.25;MoveEast;(12, 5);;(15, 6);1;1821
9;0.25;MoveEast;(12, 5);;(15, 6);1;1822
9;0.25;MoveEast;(12, 5);;(15, 6);1;1823
9;0.25;MoveEast;(13, 5);;(15, 6);1;1824
9;0.25;MoveEast;(13, 5);;(15, 6);1;1825
9;0.25;MoveEast;(13, 5);;(15, 6);1;1826
9;0.25;MoveEast;(13, 5);;(15, 6);1;1827
9;0.25;MoveEast;(13, 5);;(15, 6);1;1828
9;0.25;MoveEast;(13, 5);;(15, 6);1;1829
9;0.25;MoveEast;(13, 5);;(15, 6);1;1830
9;0.25;MoveEast;(13, 5);;(15, 6);1;1831
9;0.25;MoveEast;(13, 5);;(15, 6);1;1832
9;0.25;MoveEast;(14, 5);;(15, 6);1;1833
9;0.25;MoveSouthEast;(14, 5);;(15, 6);1;1834
9;0.25;MoveSouthEast;(14, 5);;(15, 6);1;1835
9;0.25;MoveSouthEast;(14, 5);;(15, 6);1;1836
9;0.25;MoveSouthEast;(14, 5);;(15, 6);1;1837
9;0.25;MoveSouthEast;(14, 5);;(15, 6);1;1838
9;0.25;MoveSouthEast;(14, 5);;(15, 6);1;1839
9;0.25;MoveSouthEast;(14, 5);;(15, 6);1;1840
9;0.25;MoveSouthEast;(14, 5);;(15, 6);1;1841
9;0.25;MoveSouthEast;(15, 6);;(15, 6);1;1842
9;0.25;RemoveObject;(15, 6);;(15, 6);1;1843
9;0.25;RemoveObject;(15, 6);;(15, 6);1;1844
9;0.25;RemoveObject;(15, 6);;(15, 6);1;1845
9;0.25;RemoveObject;(15, 6);;(15, 6);1;1846
9;0.25;RemoveObject;(15, 6);;(15, 6);1;1847
9;0.25;RemoveObject;(15, 6);;(15, 6);1;1848
9;0.25;RemoveObject;(15, 6);;(15, 6);1;1849
9;0.25;RemoveObject;(15, 6);;(15, 6);1;1850
9;0.25;RemoveObject;(15, 6);;(15, 6);1;1851
9;0.25;RemoveObject;(15, 6);;(15, 6);1;1852
9;0.25;RemoveObject;(15, 6);;(15, 6);1;1853
9;0.25;RemoveObject;(15, 6);;(15, 6);1;1854
9;0.25;RemoveObject;(15, 6);;(15, 6);1;1855
9;0.25;RemoveObject;(15, 6);;(15, 6);1;1856
9;0.25;RemoveObject;(15, 6);;(15, 6);1;1857
9;0.25;RemoveObject;(15, 6);;(15, 6);1;1858
9;0.25;RemoveObject;(15, 6);;(15, 6);1;1859
9;0.25;RemoveObject;(15, 6);;(15, 6);1;1860
9;0.25;RemoveObject;(15, 6);;(15, 6);1;1861
9;0.25;RemoveObject;(15, 6);;(15, 6);1;1862
9;0.25;RemoveObject;(15, 6);;(15, 6);1;1863
9;0.25;RemoveObject;(15, 6);;(15, 6);1;1864
9;0.25;RemoveObject;(15, 6);;(15, 6);1;1865
9;0.25;RemoveObject;(15, 6);;(15, 6);1;1866
9;0.25;RemoveObject;(15, 6);;(15, 6);1;1867
9;0.25;RemoveObject;(15, 6);;(15, 6);1;1868
9;0.25;RemoveObject;(15, 6);;(15, 6);1;1869
9;0.25;RemoveObject;(15, 6);;(15, 6);1;1870
9;0.25;RemoveObject;(15, 6);;(15, 6);1;1871
9;0.25;RemoveObject;(15, 6);;(15, 6);1;1872
9;0.25;RemoveObject;(15, 6);;(15, 6);1;1873
9;0.25;RemoveObject;(15, 6);;(15, 6);1;1874
9;0.25;RemoveObject;(15, 6);;(15, 6);1;1875
9;0.25;RemoveObject;(15, 6);;(15, 6);1;1876
9;0.25;RemoveObject;(15, 6);;(15, 6);1;1877
9;0.25;RemoveObject;(15, 6);;(15, 6);1;1878
9;0.25;RemoveObject;(15, 6);RemoveObjectTogether;(15, 6);1;1879
9;0.25;RemoveObject;(15, 6);;(15, 6);1;1880
9;0.25;RemoveObject;(15, 6);;(15, 6);1;1881
9;0.25;RemoveObject;(15, 6);;(15, 6);1;1882
9;0.25;RemoveObject;(15, 6);;(15, 6);1;1883
9;0.25;RemoveObject;(15, 6);;(15, 6);1;1884
9;0.25;RemoveObject;(15, 6);;(15, 6);1;1885
9;0.25;RemoveObject;(15, 6);;(15, 6);1;1886
9;0.25;RemoveObject;(15, 6);;(15, 6);1;1887
9;0.25;RemoveObject;(15, 6);;(15, 6);1;1888
9;0.25;RemoveObject;(15, 6);RemoveObjectTogether;(15, 6);1;1889
9;0.25;RemoveObject;(15, 6);;(15, 6);1;1890
9;0.25;RemoveObject;(15, 6);;(15, 6);1;1891
9;0.25;RemoveObject;(15, 6);;(15, 6);1;1892
9;0.25;RemoveObject;(15, 6);;(15, 6);1;1893
9;0.25;RemoveObject;(15, 6);;(15, 6);1;1894
9;0.25;RemoveObject;(15, 6);;(15, 6);1;1895
9;0.25;RemoveObject;(15, 6);;(15, 6);1;1896
9;0.25;RemoveObject;(15, 6);;(15, 6);1;1897
9;0.25;RemoveObject;(15, 6);;(15, 6);1;1898
9;0.25;RemoveObject;(15, 6);;(15, 6);1;1899
9;0.25;RemoveObject;(15, 6);;(15, 6);1;1900
9;0.25;RemoveObject;(15, 6);;(15, 6);1;1901
9;0.25;RemoveObject;(15, 6);;(15, 6);1;1902
9;0.25;RemoveObject;(15, 6);;(15, 6);1;1903
9;0.25;RemoveObject;(15, 6);;(15, 6);1;1904
9;0.25;RemoveObject;(15, 6);;(15, 6);1;1905
9;0.25;RemoveObject;(15, 6);;(15, 6);1;1906
9;0.25;RemoveObject;(15, 6);;(15, 6);1;1907
9;0.25;RemoveObject;(15, 6);;(15, 6);1;1908
9;0.25;RemoveObject;(15, 6);;(15, 6);1;1909
9;0.25;RemoveObject;(15, 6);;(15, 6);1;1910
9;0.25;RemoveObject;(15, 6);;(15, 6);1;1911
9;0.25;RemoveObject;(15, 6);;(15, 6);1;1912
9;0.25;RemoveObject;(15, 6);;(15, 6);1;1913
9;0.25;RemoveObject;(15, 6);;(15, 6);1;1914
9;0.25;RemoveObject;(15, 6);;(15, 6);1;1915
9;0.25;RemoveObject;(15, 6);;(15, 6);1;1916
9;0.25;RemoveObject;(15, 6);;(15, 6);1;1917
9;0.25;RemoveObject;(15, 6);;(15, 6);1;1918
9;0.25;RemoveObject;(15, 6);;(15, 6);1;1919
9;0.25;RemoveObject;(15, 6);;(15, 6);1;1920
9;0.25;RemoveObject;(15, 6);;(15, 6);1;1921
9;0.25;RemoveObject;(15, 6);;(15, 6);1;1922
9;0.25;RemoveObject;(15, 6);;(15, 6);1;1923
9;0.25;RemoveObject;(15, 6);;(15, 6);1;1924
9;0.25;RemoveObject;(15, 6);;(15, 6);1;1925
9;0.25;RemoveObject;(15, 6);;(15, 6);1;1926
9;0.25;RemoveObject;(15, 6);;(15, 6);1;1927
9;0.25;RemoveObject;(15, 6);;(15, 6);1;1928
9;0.25;RemoveObject;(15, 6);;(15, 6);1;1929
9;0.25;RemoveObject;(15, 6);;(15, 6);1;1930
9;0.25;RemoveObject;(15, 6);;(15, 6);1;1931
9;0.25;RemoveObject;(15, 6);;(15, 6);1;1932
9;0.25;RemoveObject;(15, 6);;(15, 6);1;1933
9;0.25;RemoveObject;(15, 6);;(15, 6);1;1934
9;0.25;RemoveObject;(15, 6);;(15, 6);1;1935
9;0.25;RemoveObject;(15, 6);;(15, 6);1;1936
9;0.25;RemoveObject;(15, 6);;(15, 6);1;1937
9;0.25;RemoveObject;(15, 6);;(15, 6);1;1938
9;0.25;RemoveObject;(15, 6);;(15, 6);1;1939
9;0.25;RemoveObject;(15, 6);;(15, 6);1;1940
9;0.25;RemoveObject;(15, 6);;(15, 6);1;1941
9;0.25;RemoveObject;(15, 6);;(15, 6);1;1942
9;0.25;RemoveObject;(15, 6);;(15, 6);1;1943
9;0.25;MoveSouth;(15, 6);;(15, 6);1;1944
9;0.25;MoveSouth;(15, 6);;(15, 6);1;1945
9;0.25;MoveSouth;(15, 6);;(15, 6);1;1946
9;0.25;MoveSouth;(15, 6);;(15, 6);1;1947
9;0.25;MoveSouth;(15, 6);;(15, 6);1;1948
9;0.25;MoveSouth;(15, 6);;(15, 6);1;1949
9;0.25;MoveSouth;(15, 6);;(15, 6);1;1950
9;0.25;MoveSouth;(15, 6);;(15, 6);1;1951
9;0.25;MoveSouth;(15, 7);;(15, 6);1;1952
9;0.25;MoveSouthWest;(15, 7);;(15, 6);1;1953
9;0.25;MoveSouthWest;(15, 7);;(15, 6);1;1954
9;0.25;MoveSouthWest;(15, 7);;(15, 6);1;1955
9;0.25;MoveSouthWest;(15, 7);;(15, 6);1;1956
9;0.25;MoveSouthWest;(15, 7);;(15, 6);1;1957
9;0.25;MoveSouthWest;(15, 7);;(15, 6);1;1958
9;0.25;MoveSouthWest;(15, 7);;(15, 6);1;1959
9;0.25;MoveSouthWest;(15, 7);;(15, 6);1;1960
9;0.25;MoveSouthWest;(14, 8);;(15, 6);1;1961
9;0.25;MoveSouthEast;(14, 8);;(15, 6);1;1962
9;0.25;MoveSouthEast;(14, 8);;(15, 6);1;1963
9;0.25;MoveSouthEast;(14, 8);;(15, 6);1;1964
9;0.25;MoveSouthEast;(14, 8);;(15, 6);1;1965
9;0.25;MoveSouthEast;(14, 8);;(15, 6);1;1966
9;0.25;MoveSouthEast;(14, 8);;(15, 6);1;1967
9;0.25;MoveSouthEast;(14, 8);;(15, 6);1;1968
9;0.25;MoveSouthEast;(14, 8);;(15, 6);1;1969
9;0.25;MoveSouthEast;(15, 9);;(15, 6);1;1970
9;0.25;MoveNorthEast;(15, 9);;(15, 6);1;1971
9;0.25;MoveNorthEast;(15, 9);;(15, 6);1;1972
9;0.25;MoveNorthEast;(15, 9);;(15, 6);1;1973
9;0.25;MoveNorthEast;(15, 9);;(15, 6);1;1974
9;0.25;MoveNorthEast;(15, 9);;(15, 6);1;1975
9;0.25;MoveNorthEast;(15, 9);;(15, 6);1;1976
9;0.25;MoveNorthEast;(15, 9);;(15, 6);1;1977
9;0.25;MoveNorthEast;(15, 9);;(15, 6);1;1978
9;0.25;MoveNorthEast;(16, 8);;(15, 6);1;1979
9;0.25;;(16, 8);;(15, 6);1;1980
9;0.25;;(16, 8);;(15, 6);1;1981
9;0.25;;(16, 8);;(15, 6);1;1982
9;0.25;;(16, 8);;(15, 6);1;1983
9;0.25;;(16, 8);;(15, 6);1;1984
9;0.25;;(16, 8);;(15, 6);1;1985
9;0.25;;(16, 8);MoveSouth;(15, 7);1;1986
9;0.25;;(16, 8);MoveSouth;(15, 8);1;1987
9;0.25;;(16, 8);;(15, 8);1;1988
9;0.25;;(16, 8);;(15, 8);1;1989
9;0.25;;(16, 8);MoveSouth;(15, 9);1;1990
9;0.25;;(16, 8);;(15, 9);1;1991
9;0.25;;(16, 8);;(15, 9);1;1992
9;0.25;;(16, 8);;(15, 9);1;1993
9;0.25;;(16, 8);;(15, 9);1;1994
9;0.25;;(16, 8);;(15, 9);1;1995
9;0.25;;(16, 8);MoveWest;(14, 9);1;1996
9;0.25;;(16, 8);;(14, 9);1;1997
9;0.25;;(16, 8);;(14, 9);1;1998
9;0.25;;(16, 8);;(14, 9);1;1999
9;0.25;;(16, 8);MoveNorth;(14, 8);1;2000
9;0.25;;(16, 8);;(14, 8);1;2001
9;0.25;;(16, 8);;(14, 8);1;2002
9;0.25;;(16, 8);;(14, 8);1;2003
9;0.25;;(16, 8);MoveEast;(15, 8);1;2004
9;0.25;;(16, 8);;(15, 8);1;2005
9;0.25;;(16, 8);;(15, 8);1;2006
9;0.25;;(16, 8);;(15, 8);1;2007
9;0.25;;(16, 8);;(15, 8);1;2008
9;0.25;;(16, 8);;(15, 8);1;2009
9;0.25;;(16, 8);;(15, 8);1;2010
9;0.25;;(16, 8);;(15, 8);1;2011
9;0.25;;(16, 8);;(15, 8);1;2012
9;0.25;;(16, 8);;(15, 8);1;2013
9;0.25;;(16, 8);MoveNorth;(15, 7);1;2014
9;0.25;;(16, 8);;(15, 7);1;2015
9;0.25;;(16, 8);;(15, 7);1;2016
9;0.25;;(16, 8);;(15, 7);1;2017
9;0.25;;(16, 8);;(15, 7);1;2018
9;0.25;;(16, 8);;(15, 7);1;2019
9;0.25;;(16, 8);;(15, 7);1;2020
9;0.25;;(16, 8);;(15, 7);1;2021
9;0.25;;(16, 8);;(15, 7);1;2022
9;0.25;Idle;(16, 8);MoveNorth;(15, 6);1;2023
9;0.25;Idle;(16, 8);;(15, 6);1;2024
9;0.25;Idle;(16, 8);;(15, 6);1;2025
9;0.25;Idle;(16, 8);;(15, 6);1;2026
9;0.25;Idle;(16, 8);MoveWest;(14, 6);1;2027
9;0.25;Idle;(16, 8);;(14, 6);1;2028
9;0.25;Idle;(16, 8);;(14, 6);1;2029
9;0.25;Idle;(16, 8);;(14, 6);1;2030
9;0.25;Idle;(16, 8);;(14, 6);1;2031
9;0.25;Idle;(16, 8);;(14, 6);1;2032
9;0.25;Idle;(16, 8);MoveWest;(13, 6);1;2033
9;0.25;Idle;(16, 8);;(13, 6);1;2034
9;0.25;Idle;(16, 8);;(13, 6);1;2035
9;0.25;Idle;(16, 8);MoveWest;(12, 6);1;2036
9;0.25;Idle;(16, 8);;(12, 6);1;2037
9;0.25;Idle;(16, 8);;(12, 6);1;2038
9;0.25;Idle;(16, 8);;(12, 6);1;2039
9;0.25;Idle;(16, 8);;(12, 6);1;2040
9;0.25;Idle;(16, 8);;(12, 6);1;2041
9;0.25;Idle;(16, 8);MoveSouth;(12, 6);1;2042
9;0.25;Idle;(16, 8);MoveSouth;(12, 6);1;2043
9;0.25;Idle;(16, 8);MoveSouth;(12, 6);1;2044
9;0.25;Idle;(16, 8);MoveSouth;(12, 6);1;2045
9;0.25;Idle;(16, 8);MoveSouth;(12, 6);1;2046
9;0.25;Idle;(16, 8);MoveSouth;(12, 7);1;2047
9;0.25;Idle;(16, 8);MoveSouth;(12, 7);1;2048
9;0.25;MoveWest;(16, 8);MoveSouth;(12, 7);1;2049
9;0.25;MoveWest;(16, 8);MoveSouth;(12, 7);1;2050
9;0.25;MoveWest;(16, 8);MoveSouth;(12, 7);1;2051
9;0.25;MoveWest;(16, 8);MoveSouth;(12, 7);1;2052
9;0.25;MoveWest;(16, 8);MoveSouth;(12, 8);1;2053
9;0.25;MoveWest;(16, 8);MoveSouth;(12, 8);1;2054
9;0.25;MoveWest;(16, 8);MoveSouth;(12, 8);1;2055
9;0.25;MoveWest;(16, 8);MoveSouth;(12, 8);1;2056
9;0.25;MoveWest;(15, 8);MoveSouth;(12, 8);1;2057
9;0.25;MoveWest;(15, 8);MoveSouth;(12, 8);1;2058
9;0.25;MoveWest;(15, 8);MoveSouth;(12, 9);1;2059
9;0.25;MoveWest;(15, 8);MoveSouth;(12, 9);1;2060
9;0.25;MoveWest;(15, 8);MoveSouth;(12, 9);1;2061
9;0.25;MoveWest;(15, 8);MoveSouth;(12, 9);1;2062
9;0.25;MoveWest;(15, 8);MoveSouth;(12, 9);1;2063
9;0.25;MoveWest;(15, 8);MoveSouth;(12, 9);1;2064
9;0.25;MoveWest;(15, 8);MoveSouth;(12, 10);1;2065
9;0.25;MoveWest;(14, 8);;(12, 10);1;2066
9;0.25;CarryObject;(14, 8);;(12, 10);1;2067
9;0.25;CarryObject;(14, 8);;(12, 10);1;2068
9;0.25;CarryObject;(14, 8);;(12, 10);1;2069
9;0.25;CarryObject;(14, 8);;(12, 10);1;2070
9;0.25;CarryObject;(14, 8);;(12, 10);1;2071
9;0.25;CarryObject;(14, 8);;(12, 10);1;2072
9;0.25;CarryObject;(14, 8);;(12, 10);1;2073
9;0.25;CarryObject;(14, 8);;(12, 10);1;2074
9;0.25;CarryObject;(14, 8);;(12, 10);1;2075
9;0.25;CarryObject;(14, 8);;(12, 10);1;2076
9;0.25;CarryObject;(14, 8);MoveSouth;(12, 10);1;2077
9;0.25;CarryObject;(14, 8);MoveSouth;(12, 10);1;2078
9;0.25;CarryObject;(14, 8);MoveSouth;(12, 10);1;2079
9;0.25;CarryObject;(14, 8);MoveSouth;(12, 10);1;2080
9;0.25;CarryObject;(14, 8);MoveSouth;(12, 10);1;2081
9;0.25;CarryObject;(14, 8);MoveSouth;(12, 11);1;2082
9;0.25;CarryObject;(14, 8);MoveSouth;(12, 11);1;2083
9;0.25;CarryObject;(14, 8);MoveSouth;(12, 11);1;2084
9;0.25;CarryObject;(14, 8);MoveSouth;(12, 11);1;2085
9;0.25;CarryObject;(14, 8);MoveSouth;(12, 11);1;2086
9;0.25;CarryObject;(14, 8);MoveSouth;(12, 11);1;2087
9;0.25;CarryObject;(14, 8);MoveSouth;(12, 12);1;2088
9;0.25;CarryObject;(14, 8);MoveSouth;(12, 13);1;2089
9;0.25;CarryObject;(14, 8);;(12, 13);1;2090
9;0.25;CarryObject;(14, 8);;(12, 13);1;2091
9;0.25;CarryObject;(14, 8);;(12, 13);1;2092
9;0.25;CarryObject;(14, 8);;(12, 13);1;2093
9;0.25;CarryObject;(14, 8);MoveSouth;(12, 14);1;2094
9;0.25;CarryObject;(14, 8);;(12, 14);1;2095
9;0.25;CarryObject;(14, 8);;(12, 14);1;2096
9;0.25;CarryObject;(14, 8);;(12, 14);1;2097
9;0.25;CarryObject;(14, 8);;(12, 14);1;2098
9;0.25;CarryObject;(14, 8);MoveSouth;(12, 15);1;2099
9;0.25;CarryObject;(14, 8);;(12, 15);1;2100
9;0.25;CarryObject;(14, 8);;(12, 15);1;2101
9;0.25;CarryObject;(14, 8);;(12, 15);1;2102
9;0.25;CarryObject;(14, 8);MoveSouth;(12, 16);1;2103
9;0.25;CarryObject;(14, 8);;(12, 16);1;2104
9;0.25;CarryObject;(14, 8);;(12, 16);1;2105
9;0.25;CarryObject;(14, 8);;(12, 16);1;2106
9;0.25;CarryObject;(14, 8);MoveSouth;(12, 17);1;2107
9;0.25;CarryObject;(14, 8);;(12, 17);1;2108
9;0.25;CarryObject;(14, 8);;(12, 17);1;2109
9;0.25;CarryObject;(14, 8);MoveEast;(13, 17);1;2110
9;0.25;CarryObject;(14, 8);;(13, 17);1;2111
9;0.25;CarryObject;(14, 8);MoveEast;(14, 17);1;2112
9;0.25;CarryObject;(14, 8);;(14, 17);1;2113
9;0.25;CarryObject;(14, 8);MoveEast;(14, 17);1;2114
9;0.25;CarryObject;(14, 8);MoveEast;(14, 17);1;2115
9;0.25;CarryObject;(14, 8);MoveEast;(14, 17);1;2116
9;0.25;CarryObject;(14, 8);MoveEast;(14, 17);1;2117
9;0.25;CarryObject;(14, 8);MoveEast;(14, 17);1;2118
9;0.25;CarryObject;(14, 8);MoveEast;(15, 17);1;2119
9;0.25;CarryObject;(14, 8);MoveEast;(16, 17);1;2120
9;0.25;CarryObject;(14, 8);;(16, 17);1;2121
9;0.25;CarryObject;(14, 8);;(16, 17);1;2122
9;0.25;CarryObject;(14, 8);MoveNorth;(16, 17);1;2123
9;0.25;CarryObject;(14, 8);MoveNorth;(16, 17);1;2124
9;0.25;CarryObject;(14, 8);MoveNorth;(16, 17);1;2125
9;0.25;CarryObject;(14, 8);MoveNorth;(16, 17);1;2126
9;0.25;CarryObject;(14, 8);MoveNorth;(16, 17);1;2127
9;0.25;CarryObject;(14, 8);MoveNorth;(16, 17);1;2128
9;0.25;CarryObject;(14, 8);MoveWest;(16, 17);1;2129
9;0.25;CarryObject;(14, 8);MoveWest;(16, 17);1;2130
9;0.25;CarryObject;(14, 8);MoveWest;(16, 17);1;2131
9;0.25;CarryObject;(14, 8);MoveWest;(16, 17);1;2132
9;0.25;CarryObject;(14, 8);MoveWest;(16, 17);1;2133
9;0.25;CarryObject;(14, 8);MoveWest;(15, 17);1;2134
9;0.25;CarryObject;(14, 8);MoveNorth;(15, 16);1;2135
9;0.25;CarryObject;(14, 8);MoveNorth;(15, 15);1;2136
9;0.25;CarryObject;(14, 8);MoveNorth;(15, 14);1;2137
9;0.25;CarryObject;(14, 8);MoveNorth;(15, 14);1;2138
9;0.25;CarryObject;(14, 8);MoveNorth;(15, 14);1;2139
9;0.25;CarryObject;(14, 8);MoveNorth;(15, 14);1;2140
9;0.25;CarryObject;(14, 8);;(15, 14);1;2141
9;0.25;CarryObject;(14, 8);;(15, 14);1;2142
9;0.25;CarryObject;(14, 8);MoveSouth;(15, 15);1;2143
9;0.25;CarryObject;(14, 8);;(15, 15);1;2144
9;0.25;CarryObject;(14, 8);;(15, 15);1;2145
9;0.25;CarryObject;(14, 8);;(15, 15);1;2146
9;0.25;CarryObject;(14, 8);MoveSouth;(15, 16);1;2147
9;0.25;CarryObject;(14, 8);MoveSouth;(15, 17);1;2148
9;0.25;CarryObject;(14, 8);MoveSouth;(15, 18);1;2149
9;0.25;CarryObject;(14, 8);MoveSouth;(15, 18);1;2150
9;0.25;CarryObject;(14, 8);MoveSouth;(15, 18);1;2151
9;0.25;CarryObject;(14, 8);MoveSouth;(15, 18);1;2152
9;0.25;CarryObject;(14, 8);MoveSouth;(15, 18);1;2153
9;0.25;CarryObject;(14, 8);MoveSouth;(15, 18);1;2154
9;0.25;CarryObject;(14, 8);MoveSouth;(15, 18);1;2155
9;0.25;CarryObject;(14, 8);MoveSouth;(15, 18);1;2156
9;0.25;CarryObject;(14, 8);MoveSouth;(15, 18);1;2157
9;0.25;CarryObject;(14, 8);MoveWest;(14, 18);1;2158
9;0.25;CarryObject;(14, 8);;(14, 18);1;2159
9;0.25;CarryObject;(14, 8);;(14, 18);1;2160
9;0.25;CarryObject;(14, 8);;(14, 18);1;2161
9;0.25;CarryObject;(14, 8);MoveEast;(14, 18);1;2162
9;0.25;CarryObject;(14, 8);MoveEast;(14, 18);1;2163
9;0.25;CarryObject;(14, 8);MoveEast;(14, 18);1;2164
9;0.25;CarryObject;(14, 8);MoveEast;(14, 18);1;2165
9;0.25;CarryObject;(14, 8);MoveEast;(14, 18);1;2166
9;0.25;CarryObject;(14, 8);MoveEast;(15, 18);1;2167
9;0.25;CarryObject;(14, 8);;(15, 18);1;2168
9;0.25;CarryObject;(14, 8);;(15, 18);1;2169
9;0.25;CarryObject;(14, 8);MoveEast;(16, 18);1;2170
9;0.25;CarryObject;(14, 8);;(16, 18);1;2171
9;0.25;CarryObject;(14, 8);;(16, 18);1;2172
9;0.25;CarryObject;(14, 8);;(16, 18);1;2173
9;0.25;CarryObject;(14, 8);;(16, 18);1;2174
9;0.25;CarryObject;(14, 8);MoveWest;(15, 18);1;2175
9;0.25;CarryObject;(14, 8);;(15, 18);1;2176
9;0.25;CarryObject;(14, 8);;(15, 18);1;2177
9;0.25;CarryObject;(14, 8);;(15, 18);1;2178
9;0.25;CarryObject;(14, 8);;(15, 18);1;2179
9;0.25;CarryObject;(14, 8);;(15, 18);1;2180
9;0.25;CarryObject;(14, 8);;(15, 18);1;2181
9;0.25;CarryObject;(14, 8);;(15, 18);1;2182
9;0.25;CarryObject;(14, 8);;(15, 18);1;2183
9;0.25;CarryObject;(14, 8);;(15, 18);1;2184
9;0.25;CarryObject;(14, 8);;(15, 18);1;2185
9;0.25;CarryObject;(14, 8);;(15, 18);1;2186
9;0.25;CarryObject;(14, 8);;(15, 18);1;2187
9;0.25;CarryObject;(14, 8);;(15, 18);1;2188
9;0.25;CarryObject;(14, 8);;(15, 18);1;2189
9;0.25;CarryObject;(14, 8);;(15, 18);1;2190
9;0.25;CarryObject;(14, 8);;(15, 18);1;2191
9;0.25;CarryObject;(14, 8);;(15, 18);1;2192
9;0.25;CarryObject;(14, 8);;(15, 18);1;2193
9;0.25;CarryObject;(14, 8);;(15, 18);1;2194
9;0.25;CarryObject;(14, 8);;(15, 18);1;2195
9;0.25;CarryObject;(14, 8);;(15, 18);1;2196
9;0.25;CarryObject;(14, 8);;(15, 18);1;2197
9;0.25;CarryObject;(14, 8);;(15, 18);1;2198
9;0.25;CarryObject;(14, 8);;(15, 18);1;2199
9;0.25;CarryObject;(14, 8);;(15, 18);1;2200
9;0.25;CarryObject;(14, 8);;(15, 18);1;2201
9;0.25;CarryObject;(14, 8);;(15, 18);1;2202
9;0.25;CarryObject;(14, 8);;(15, 18);1;2203
9;0.25;CarryObject;(14, 8);;(15, 18);1;2204
9;0.25;CarryObject;(14, 8);;(15, 18);1;2205
9;0.25;CarryObject;(14, 8);;(15, 18);1;2206
9;0.25;CarryObject;(14, 8);;(15, 18);1;2207
9;0.25;CarryObject;(14, 8);;(15, 18);1;2208
9;0.25;CarryObject;(14, 8);;(15, 18);1;2209
9;0.25;CarryObject;(14, 8);;(15, 18);1;2210
9;0.25;CarryObject;(14, 8);;(15, 18);1;2211
9;0.25;CarryObject;(14, 8);;(15, 18);1;2212
9;0.25;CarryObject;(14, 8);;(15, 18);1;2213
9;0.25;CarryObject;(14, 8);;(15, 18);1;2214
9;0.25;CarryObject;(14, 8);;(15, 18);1;2215
9;0.25;CarryObject;(14, 8);;(15, 18);1;2216
9;0.25;CarryObject;(14, 8);;(15, 18);1;2217
9;0.25;MoveNorthEast;(14, 8);;(15, 18);1;2218
9;0.25;MoveNorthEast;(14, 8);;(15, 18);1;2219
9;0.25;MoveNorthEast;(14, 8);;(15, 18);1;2220
9;0.25;MoveNorthEast;(14, 8);;(15, 18);1;2221
9;0.25;MoveNorthEast;(14, 8);;(15, 18);1;2222
9;0.25;MoveNorthEast;(14, 8);;(15, 18);1;2223
9;0.25;MoveNorthEast;(14, 8);;(15, 18);1;2224
9;0.25;MoveNorthEast;(14, 8);;(15, 18);1;2225
9;0.25;MoveNorthEast;(15, 7);;(15, 18);1;2226
9;0.25;MoveNorthEast;(15, 7);;(15, 18);1;2227
9;0.25;MoveNorthEast;(15, 7);;(15, 18);1;2228
9;0.25;MoveNorthEast;(15, 7);;(15, 18);1;2229
9;0.25;MoveNorthEast;(15, 7);;(15, 18);1;2230
9;0.25;MoveNorthEast;(15, 7);;(15, 18);1;2231
9;0.25;MoveNorthEast;(15, 7);;(15, 18);1;2232
9;0.25;MoveNorthEast;(15, 7);;(15, 18);1;2233
9;0.25;MoveNorthEast;(15, 7);;(15, 18);1;2234
9;0.25;MoveNorthEast;(16, 6);;(15, 18);1;2235
9;0.25;MoveEast;(16, 6);;(15, 18);1;2236
9;0.25;MoveEast;(16, 6);;(15, 18);1;2237
9;0.25;MoveEast;(16, 6);;(15, 18);1;2238
9;0.25;MoveEast;(16, 6);;(15, 18);1;2239
9;0.25;MoveEast;(16, 6);;(15, 18);1;2240
9;0.25;MoveEast;(16, 6);;(15, 18);1;2241
9;0.25;MoveEast;(16, 6);;(15, 18);1;2242
9;0.25;MoveEast;(16, 6);;(15, 18);1;2243
9;0.25;MoveEast;(17, 6);;(15, 18);1;2244
9;0.25;MoveSouthEast;(17, 6);;(15, 18);1;2245
9;0.25;MoveSouthEast;(17, 6);;(15, 18);1;2246
9;0.25;MoveSouthEast;(17, 6);;(15, 18);1;2247
9;0.25;MoveSouthEast;(17, 6);;(15, 18);1;2248
9;0.25;MoveSouthEast;(17, 6);;(15, 18);1;2249
9;0.25;MoveSouthEast;(17, 6);;(15, 18);1;2250
9;0.25;MoveSouthEast;(17, 6);;(15, 18);1;2251
9;0.25;MoveSouthEast;(17, 6);;(15, 18);1;2252
9;0.25;MoveSouthEast;(18, 7);;(15, 18);1;2253
9;0.25;MoveSouthEast;(18, 7);MoveWest;(14, 18);1;2254
9;0.25;MoveSouthEast;(18, 7);;(14, 18);1;2255
9;0.25;MoveSouthEast;(18, 7);;(14, 18);1;2256
9;0.25;MoveSouthEast;(18, 7);;(14, 18);1;2257
9;0.25;MoveSouthEast;(18, 7);MoveWest;(14, 18);1;2258
9;0.25;MoveSouthEast;(18, 7);MoveWest;(14, 18);1;2259
9;0.25;MoveSouthEast;(18, 7);MoveWest;(14, 18);1;2260
9;0.25;MoveSouthEast;(18, 7);MoveWest;(14, 18);1;2261
9;0.25;MoveSouthEast;(19, 8);MoveWest;(14, 18);1;2262
9;0.25;MoveSouthEast;(19, 8);MoveWest;(13, 18);1;2263
9;0.25;MoveSouthEast;(19, 8);MoveWest;(13, 18);1;2264
9;0.25;MoveSouthEast;(19, 8);MoveWest;(13, 18);1;2265
9;0.25;MoveSouthEast;(19, 8);MoveWest;(13, 18);1;2266
9;0.25;MoveSouthEast;(19, 8);MoveWest;(13, 18);1;2267
9;0.25;MoveSouthEast;(19, 8);MoveWest;(13, 18);1;2268
9;0.25;MoveSouthEast;(19, 8);MoveWest;(12, 18);1;2269
9;0.25;MoveSouthEast;(19, 8);MoveWest;(12, 18);1;2270
9;0.25;MoveSouthEast;(19, 8);MoveWest;(12, 18);1;2271
9;0.25;MoveSouthEast;(19, 8);MoveWest;(12, 18);1;2272
9;0.25;MoveSouthEast;(19, 8);MoveWest;(12, 18);1;2273
9;0.25;MoveSouthEast;(19, 8);MoveWest;(12, 18);1;2274
9;0.25;MoveSouthEast;(19, 8);MoveWest;(11, 18);1;2275
9;0.25;MoveSouthEast;(20, 9);MoveWest;(11, 18);1;2276
9;0.25;MoveSouthEast;(20, 9);MoveWest;(11, 18);1;2277
9;0.25;MoveSouthEast;(20, 9);MoveWest;(11, 18);1;2278
9;0.25;MoveSouthEast;(20, 9);MoveWest;(11, 18);1;2279
9;0.25;MoveSouthEast;(20, 9);MoveWest;(11, 18);1;2280
9;0.25;MoveSouthEast;(20, 9);MoveWest;(10, 18);1;2281
9;0.25;MoveSouthEast;(20, 9);MoveWest;(10, 18);1;2282
9;0.25;MoveSouthEast;(20, 9);MoveWest;(10, 18);1;2283
9;0.25;MoveSouthEast;(20, 9);MoveWest;(10, 18);1;2284
9;0.25;MoveSouthEast;(21, 10);MoveWest;(10, 18);1;2285
9;0.25;MoveSouthEast;(21, 10);MoveWest;(10, 18);1;2286
9;0.25;MoveSouthEast;(21, 10);MoveWest;(9, 18);1;2287
9;0.25;MoveSouthEast;(21, 10);MoveWest;(8, 18);1;2288
9;0.25;MoveSouthEast;(21, 10);;(8, 18);1;2289
9;0.25;MoveSouthEast;(21, 10);;(8, 18);1;2290
9;0.25;MoveSouthEast;(21, 10);MoveSouth;(8, 18);1;2291
9;0.25;MoveSouthEast;(21, 10);;(8, 18);1;2292
9;0.25;MoveSouthEast;(21, 10);MoveEast;(9, 18);1;2293
9;0.25;MoveSouthEast;(22, 11);;(9, 18);1;2294
9;0.25;MoveSouth;(22, 11);;(9, 18);1;2295
9;0.25;MoveSouth;(22, 11);;(9, 18);1;2296
9;0.25;MoveSouth;(22, 11);;(9, 18);1;2297
9;0.25;MoveSouth;(22, 11);MoveEast;(10, 18);1;2298
9;0.25;MoveSouth;(22, 11);MoveEast;(10, 18);1;2299
9;0.25;MoveSouth;(22, 11);MoveEast;(10, 18);1;2300
9;0.25;MoveSouth;(22, 11);MoveEast;(10, 18);1;2301
9;0.25;MoveSouth;(22, 11);MoveEast;(10, 18);1;2302
9;0.25;MoveSouth;(22, 12);MoveEast;(10, 18);1;2303
9;0.25;MoveSouth;(22, 12);MoveEast;(11, 18);1;2304
9;0.25;MoveSouth;(22, 12);MoveEast;(11, 18);1;2305
9;0.25;MoveSouth;(22, 12);MoveEast;(11, 18);1;2306
9;0.25;MoveSouth;(22, 12);MoveEast;(11, 18);1;2307
9;0.25;MoveSouth;(22, 12);MoveEast;(11, 18);1;2308
9;0.25;MoveSouth;(22, 12);MoveEast;(11, 18);1;2309
9;0.25;MoveSouth;(22, 12);MoveEast;(12, 18);1;2310
9;0.25;MoveSouth;(22, 12);MoveEast;(12, 18);1;2311
9;0.25;MoveSouth;(22, 13);MoveEast;(12, 18);1;2312
9;0.25;MoveSouthEast;(22, 13);MoveEast;(12, 18);1;2313
9;0.25;MoveSouthEast;(22, 13);MoveEast;(12, 18);1;2314
9;0.25;MoveSouthEast;(22, 13);MoveEast;(12, 18);1;2315
9;0.25;MoveSouthEast;(22, 13);MoveEast;(13, 18);1;2316
9;0.25;MoveSouthEast;(22, 13);MoveEast;(13, 18);1;2317
9;0.25;MoveSouthEast;(22, 13);MoveEast;(13, 18);1;2318
9;0.25;MoveSouthEast;(22, 13);MoveEast;(13, 18);1;2319
9;0.25;MoveSouthEast;(22, 13);MoveEast;(13, 18);1;2320
9;0.25;MoveSouthEast;(23, 14);MoveEast;(13, 18);1;2321
9;0.25;Drop;(23, 14);MoveEast;(14, 18);1;2322
9;0.25;Drop;(23, 14);MoveEast;(14, 18);1;2323
9;0.25;Drop;(23, 14);MoveEast;(14, 18);1;2324
9;0.25;Drop;(23, 14);MoveEast;(14, 18);1;2325
9;0.25;Drop;(23, 14);MoveEast;(14, 18);1;2326
9;0.25;Drop;(23, 14);MoveEast;(14, 18);1;2327
9;0.25;Drop;(23, 14);MoveEast;(15, 18);1;2328
9;0.25;Drop;(23, 14);;(15, 18);1;2329
12;0.375;Drop;(23, 14);;(15, 18);1;2330
12;0.375;MoveSouthWest;(23, 14);;(15, 18);1;2331
12;0.375;MoveSouthWest;(23, 14);;(15, 18);1;2332
12;0.375;MoveSouthWest;(23, 14);;(15, 18);1;2333
12;0.375;MoveSouthWest;(23, 14);;(15, 18);1;2334
12;0.375;MoveSouthWest;(23, 14);;(15, 18);1;2335
12;0.375;MoveSouthWest;(23, 14);;(15, 18);1;2336
12;0.375;MoveSouthWest;(23, 14);;(15, 18);1;2337
12;0.375;MoveSouthWest;(23, 14);;(15, 18);1;2338
12;0.375;MoveSouthWest;(22, 15);;(15, 18);1;2339
12;0.375;MoveWest;(22, 15);;(15, 18);1;2340
12;0.375;MoveWest;(22, 15);;(15, 18);1;2341
12;0.375;MoveWest;(22, 15);;(15, 18);1;2342
12;0.375;MoveWest;(22, 15);;(15, 18);1;2343
12;0.375;MoveWest;(22, 15);;(15, 18);1;2344
12;0.375;MoveWest;(22, 15);;(15, 18);1;2345
12;0.375;MoveWest;(22, 15);;(15, 18);1;2346
12;0.375;MoveWest;(22, 15);;(15, 18);1;2347
12;0.375;MoveWest;(21, 15);;(15, 18);1;2348
12;0.375;MoveSouthWest;(21, 15);;(15, 18);1;2349
12;0.375;MoveSouthWest;(21, 15);;(15, 18);1;2350
12;0.375;MoveSouthWest;(21, 15);;(15, 18);1;2351
12;0.375;MoveSouthWest;(21, 15);;(15, 18);1;2352
12;0.375;MoveSouthWest;(21, 15);;(15, 18);1;2353
12;0.375;MoveSouthWest;(21, 15);;(15, 18);1;2354
12;0.375;MoveSouthWest;(21, 15);;(15, 18);1;2355
12;0.375;MoveSouthWest;(21, 15);;(15, 18);1;2356
12;0.375;MoveSouthWest;(20, 16);;(15, 18);1;2357
12;0.375;MoveWest;(20, 16);;(15, 18);1;2358
12;0.375;MoveWest;(20, 16);;(15, 18);1;2359
12;0.375;MoveWest;(20, 16);;(15, 18);1;2360
12;0.375;MoveWest;(20, 16);;(15, 18);1;2361
12;0.375;MoveWest;(20, 16);;(15, 18);1;2362
12;0.375;MoveWest;(20, 16);;(15, 18);1;2363
12;0.375;MoveWest;(20, 16);;(15, 18);1;2364
12;0.375;MoveWest;(20, 16);;(15, 18);1;2365
12;0.375;MoveWest;(19, 16);;(15, 18);1;2366
12;0.375;MoveSouthWest;(19, 16);;(15, 18);1;2367
12;0.375;MoveSouthWest;(19, 16);;(15, 18);1;2368
12;0.375;MoveSouthWest;(19, 16);;(15, 18);1;2369
12;0.375;MoveSouthWest;(19, 16);;(15, 18);1;2370
12;0.375;MoveSouthWest;(19, 16);;(15, 18);1;2371
12;0.375;MoveSouthWest;(19, 16);;(15, 18);1;2372
12;0.375;MoveSouthWest;(19, 16);;(15, 18);1;2373
12;0.375;MoveSouthWest;(19, 16);;(15, 18);1;2374
12;0.375;MoveSouthWest;(18, 17);;(15, 18);1;2375
12;0.375;MoveWest;(18, 17);;(15, 18);1;2376
12;0.375;MoveWest;(18, 17);;(15, 18);1;2377
12;0.375;MoveWest;(18, 17);;(15, 18);1;2378
12;0.375;MoveWest;(18, 17);;(15, 18);1;2379
12;0.375;MoveWest;(18, 17);;(15, 18);1;2380
12;0.375;MoveWest;(18, 17);;(15, 18);1;2381
12;0.375;MoveWest;(18, 17);;(15, 18);1;2382
12;0.375;MoveWest;(18, 17);;(15, 18);1;2383
12;0.375;MoveWest;(18, 17);;(15, 18);1;2384
12;0.375;MoveWest;(18, 17);;(15, 18);1;2385
12;0.375;MoveWest;(18, 17);;(15, 18);1;2386
12;0.375;MoveWest;(18, 17);;(15, 18);1;2387
12;0.375;MoveWest;(18, 17);;(15, 18);1;2388
12;0.375;MoveWest;(17, 17);;(15, 18);1;2389
12;0.375;MoveWest;(17, 17);;(15, 18);1;2390
12;0.375;MoveWest;(17, 17);;(15, 18);1;2391
12;0.375;MoveWest;(17, 17);;(15, 18);1;2392
12;0.375;MoveWest;(17, 17);;(15, 18);1;2393
12;0.375;MoveWest;(17, 17);;(15, 18);1;2394
12;0.375;MoveWest;(17, 17);;(15, 18);1;2395
12;0.375;MoveWest;(17, 17);;(15, 18);1;2396
12;0.375;MoveWest;(17, 17);;(15, 18);1;2397
12;0.375;MoveWest;(17, 17);;(15, 18);1;2398
12;0.375;MoveWest;(17, 17);;(15, 18);1;2399
12;0.375;MoveWest;(17, 17);;(15, 18);1;2400
12;0.375;MoveWest;(17, 17);;(15, 18);1;2401
12;0.375;MoveWest;(17, 17);;(15, 18);1;2402
12;0.375;MoveWest;(16, 17);;(15, 18);1;2403
12;0.375;MoveSouthWest;(16, 17);;(15, 18);1;2404
12;0.375;MoveSouthWest;(16, 17);;(15, 18);1;2405
12;0.375;MoveSouthWest;(16, 17);;(15, 18);1;2406
12;0.375;MoveSouthWest;(16, 17);;(15, 18);1;2407
12;0.375;MoveSouthWest;(16, 17);;(15, 18);1;2408
12;0.375;MoveSouthWest;(16, 17);;(15, 18);1;2409
12;0.375;MoveSouthWest;(16, 17);;(15, 18);1;2410
12;0.375;MoveSouthWest;(16, 17);;(15, 18);1;2411
12;0.375;MoveSouthWest;(16, 17);;(15, 18);1;2412
12;0.375;MoveSouthWest;(16, 17);;(15, 18);1;2413
12;0.375;MoveSouthWest;(16, 17);;(15, 18);1;2414
12;0.375;MoveSouthWest;(16, 17);;(15, 18);1;2415
12;0.375;MoveSouthWest;(16, 17);;(15, 18);1;2416
12;0.375;MoveSouthWest;(15, 18);;(15, 18);1;2417
12;0.375;RemoveObject;(15, 18);;(15, 18);1;2418
12;0.375;RemoveObject;(15, 18);;(15, 18);1;2419
12;0.375;RemoveObject;(15, 18);;(15, 18);1;2420
12;0.375;RemoveObject;(15, 18);;(15, 18);1;2421
12;0.375;RemoveObject;(15, 18);;(15, 18);1;2422
12;0.375;RemoveObject;(15, 18);;(15, 18);1;2423
12;0.375;RemoveObject;(15, 18);;(15, 18);1;2424
12;0.375;RemoveObject;(15, 18);;(15, 18);1;2425
12;0.375;RemoveObject;(15, 18);;(15, 18);1;2426
12;0.375;RemoveObject;(15, 18);;(15, 18);1;2427
12;0.375;RemoveObject;(15, 18);;(15, 18);1;2428
12;0.375;RemoveObject;(15, 18);;(15, 18);1;2429
12;0.375;RemoveObject;(15, 18);;(15, 18);1;2430
12;0.375;RemoveObject;(15, 18);;(15, 18);1;2431
12;0.375;RemoveObject;(15, 18);;(15, 18);1;2432
12;0.375;RemoveObject;(15, 18);;(15, 18);1;2433
12;0.375;RemoveObject;(15, 18);;(15, 18);1;2434
12;0.375;RemoveObject;(15, 18);;(15, 18);1;2435
12;0.375;RemoveObject;(15, 18);RemoveObjectTogether;(15, 18);1;2436
12;0.375;RemoveObject;(15, 18);;(15, 18);1;2437
12;0.375;RemoveObject;(15, 18);;(15, 18);1;2438
12;0.375;RemoveObject;(15, 18);;(15, 18);1;2439
12;0.375;RemoveObject;(15, 18);;(15, 18);1;2440
12;0.375;RemoveObject;(15, 18);;(15, 18);1;2441
12;0.375;RemoveObject;(15, 18);;(15, 18);1;2442
12;0.375;RemoveObject;(15, 18);;(15, 18);1;2443
12;0.375;RemoveObject;(15, 18);;(15, 18);1;2444
12;0.375;RemoveObject;(15, 18);;(15, 18);1;2445
12;0.375;RemoveObject;(15, 18);;(15, 18);1;2446
12;0.375;RemoveObject;(15, 18);;(15, 18);1;2447
12;0.375;RemoveObject;(15, 18);;(15, 18);1;2448
12;0.375;RemoveObject;(15, 18);;(15, 18);1;2449
12;0.375;RemoveObject;(15, 18);;(15, 18);1;2450
12;0.375;RemoveObject;(15, 18);;(15, 18);1;2451
12;0.375;RemoveObject;(15, 18);;(15, 18);1;2452
12;0.375;RemoveObject;(15, 18);;(15, 18);1;2453
12;0.375;RemoveObject;(15, 18);;(15, 18);1;2454
12;0.375;RemoveObject;(15, 18);;(15, 18);1;2455
12;0.375;RemoveObject;(15, 18);;(15, 18);1;2456
12;0.375;RemoveObject;(15, 18);;(15, 18);1;2457
12;0.375;RemoveObject;(15, 18);;(15, 18);1;2458
12;0.375;RemoveObject;(15, 18);MoveWest;(14, 18);1;2459
12;0.375;RemoveObject;(15, 18);;(14, 18);1;2460
12;0.375;RemoveObject;(15, 18);;(14, 18);1;2461
12;0.375;RemoveObject;(15, 18);;(14, 18);1;2462
12;0.375;RemoveObject;(15, 18);;(14, 18);1;2463
12;0.375;RemoveObject;(15, 18);MoveEast;(14, 18);1;2464
12;0.375;RemoveObject;(15, 18);MoveEast;(14, 18);1;2465
12;0.375;RemoveObject;(15, 18);MoveEast;(14, 18);1;2466
12;0.375;RemoveObject;(15, 18);MoveEast;(14, 18);1;2467
12;0.375;RemoveObject;(15, 18);MoveEast;(14, 18);1;2468
12;0.375;RemoveObject;(15, 18);MoveEast;(15, 18);1;2469
12;0.375;RemoveObject;(15, 18);MoveWest;(14, 18);1;2470
12;0.375;RemoveObject;(15, 18);;(14, 18);1;2471
12;0.375;RemoveObject;(15, 18);;(14, 18);1;2472
12;0.375;RemoveObject;(15, 18);;(14, 18);1;2473
12;0.375;RemoveObject;(15, 18);;(14, 18);1;2474
12;0.375;RemoveObject;(15, 18);MoveWest;(14, 18);1;2475
12;0.375;RemoveObject;(15, 18);MoveWest;(14, 18);1;2476
12;0.375;RemoveObject;(15, 18);MoveWest;(14, 18);1;2477
12;0.375;RemoveObject;(15, 18);MoveWest;(14, 18);1;2478
12;0.375;RemoveObject;(15, 18);MoveWest;(14, 18);1;2479
12;0.375;RemoveObject;(15, 18);MoveWest;(13, 18);1;2480
12;0.375;RemoveObject;(15, 18);MoveWest;(13, 18);1;2481
12;0.375;RemoveObject;(15, 18);MoveWest;(13, 18);1;2482
12;0.375;RemoveObject;(15, 18);MoveWest;(13, 18);1;2483
12;0.375;RemoveObject;(15, 18);MoveWest;(13, 18);1;2484
12;0.375;RemoveObject;(15, 18);MoveWest;(13, 18);1;2485
12;0.375;RemoveObject;(15, 18);MoveWest;(12, 18);1;2486
12;0.375;RemoveObject;(15, 18);MoveWest;(12, 18);1;2487
12;0.375;RemoveObject;(15, 18);MoveWest;(12, 18);1;2488
12;0.375;RemoveObject;(15, 18);MoveWest;(12, 18);1;2489
12;0.375;RemoveObject;(15, 18);MoveWest;(12, 18);1;2490
12;0.375;RemoveObject;(15, 18);MoveWest;(12, 18);1;2491
12;0.375;RemoveObject;(15, 18);MoveWest;(11, 18);1;2492
12;0.375;RemoveObject;(15, 18);MoveWest;(11, 18);1;2493
12;0.375;RemoveObject;(15, 18);MoveWest;(11, 18);1;2494
12;0.375;RemoveObject;(15, 18);MoveWest;(11, 18);1;2495
12;0.375;RemoveObject;(15, 18);MoveWest;(11, 18);1;2496
12;0.375;RemoveObject;(15, 18);MoveWest;(11, 18);1;2497
12;0.375;RemoveObject;(15, 18);MoveWest;(10, 18);1;2498
12;0.375;RemoveObject;(15, 18);MoveWest;(10, 18);1;2499
12;0.375;RemoveObject;(15, 18);MoveWest;(10, 18);1;2500
12;0.375;RemoveObject;(15, 18);MoveWest;(10, 18);1;2501
12;0.375;RemoveObject;(15, 18);MoveWest;(10, 18);1;2502
12;0.375;RemoveObject;(15, 18);MoveWest;(10, 18);1;2503
12;0.375;RemoveObject;(15, 18);MoveWest;(9, 18);1;2504
12;0.375;RemoveObject;(15, 18);MoveWest;(8, 18);1;2505
12;0.375;RemoveObject;(15, 18);;(8, 18);1;2506
12;0.375;RemoveObject;(15, 18);;(8, 18);1;2507
12;0.375;RemoveObject;(15, 18);;(8, 18);1;2508
12;0.375;RemoveObject;(15, 18);MoveEast;(9, 18);1;2509
12;0.375;RemoveObject;(15, 18);;(9, 18);1;2510
12;0.375;RemoveObject;(15, 18);;(9, 18);1;2511
12;0.375;RemoveObject;(15, 18);;(9, 18);1;2512
12;0.375;RemoveObject;(15, 18);;(9, 18);1;2513
12;0.375;RemoveObject;(15, 18);;(9, 18);1;2514
12;0.375;RemoveObject;(15, 18);;(9, 18);1;2515
12;0.375;RemoveObject;(15, 18);;(9, 18);1;2516
12;0.375;RemoveObject;(15, 18);;(9, 18);1;2517
12;0.375;RemoveObject;(15, 18);;(9, 18);1;2518
12;0.375;MoveSouth;(15, 18);;(9, 18);1;2519
12;0.375;MoveSouth;(15, 18);;(9, 18);1;2520
12;0.375;MoveSouth;(15, 18);;(9, 18);1;2521
12;0.375;MoveSouth;(15, 18);;(9, 18);1;2522
12;0.375;MoveSouth;(15, 18);;(9, 18);1;2523
12;0.375;MoveSouth;(15, 18);;(9, 18);1;2524
12;0.375;MoveSouth;(15, 18);;(9, 18);1;2525
12;0.375;MoveSouth;(15, 18);;(9, 18);1;2526
12;0.375;MoveSouth;(15, 19);;(9, 18);1;2527
12;0.375;MoveSouthWest;(15, 19);;(9, 18);1;2528
12;0.375;MoveSouthWest;(15, 19);;(9, 18);1;2529
12;0.375;MoveSouthWest;(15, 19);;(9, 18);1;2530
12;0.375;MoveSouthWest;(15, 19);;(9, 18);1;2531
12;0.375;MoveSouthWest;(15, 19);;(9, 18);1;2532
12;0.375;MoveSouthWest;(15, 19);;(9, 18);1;2533
12;0.375;MoveSouthWest;(15, 19);;(9, 18);1;2534
12;0.375;MoveSouthWest;(15, 19);;(9, 18);1;2535
12;0.375;MoveSouthWest;(14, 20);;(9, 18);1;2536
12;0.375;MoveSouthEast;(14, 20);;(9, 18);1;2537
12;0.375;MoveSouthEast;(14, 20);;(9, 18);1;2538
12;0.375;MoveSouthEast;(14, 20);;(9, 18);1;2539
12;0.375;MoveSouthEast;(14, 20);;(9, 18);1;2540
12;0.375;MoveSouthEast;(14, 20);RemoveObject;(9, 18);1;2541
12;0.375;MoveSouthEast;(14, 20);RemoveObject;(9, 18);1;2542
12;0.375;MoveSouthEast;(14, 20);RemoveObject;(9, 18);1;2543
12;0.375;MoveSouthEast;(14, 20);RemoveObject;(9, 18);1;2544
12;0.375;MoveSouthEast;(15, 21);RemoveObject;(9, 18);1;2545
12;0.375;MoveNorthEast;(15, 21);RemoveObject;(9, 18);1;2546
12;0.375;MoveNorthEast;(15, 21);RemoveObject;(9, 18);1;2547
12;0.375;MoveNorthEast;(15, 21);RemoveObject;(9, 18);1;2548
12;0.375;MoveNorthEast;(15, 21);RemoveObject;(9, 18);1;2549
12;0.375;MoveNorthEast;(15, 21);RemoveObject;(9, 18);1;2550
12;0.375;MoveNorthEast;(15, 21);RemoveObject;(9, 18);1;2551
12;0.375;MoveNorthEast;(15, 21);RemoveObject;(9, 18);1;2552
12;0.375;MoveNorthEast;(15, 21);RemoveObject;(9, 18);1;2553
12;0.375;MoveNorthEast;(16, 20);RemoveObject;(9, 18);1;2554
12;0.375;;(16, 20);RemoveObject;(9, 18);1;2555
12;0.375;;(16, 20);RemoveObject;(9, 18);1;2556
12;0.375;;(16, 20);RemoveObject;(9, 18);1;2557
12;0.375;;(16, 20);RemoveObject;(9, 18);1;2558
12;0.375;;(16, 20);RemoveObject;(9, 18);1;2559
12;0.375;;(16, 20);RemoveObject;(9, 18);1;2560
12;0.375;;(16, 20);RemoveObject;(9, 18);1;2561
12;0.375;;(16, 20);RemoveObject;(9, 18);1;2562
12;0.375;;(16, 20);RemoveObject;(9, 18);1;2563
12;0.375;;(16, 20);RemoveObject;(9, 18);1;2564
12;0.375;;(16, 20);RemoveObject;(9, 18);1;2565
12;0.375;;(16, 20);RemoveObject;(9, 18);1;2566
12;0.375;;(16, 20);RemoveObject;(9, 18);1;2567
12;0.375;;(16, 20);RemoveObject;(9, 18);1;2568
12;0.375;;(16, 20);RemoveObject;(9, 18);1;2569
12;0.375;;(16, 20);RemoveObject;(9, 18);1;2570
12;0.375;;(16, 20);RemoveObject;(9, 18);1;2571
12;0.375;;(16, 20);RemoveObject;(9, 18);1;2572
12;0.375;;(16, 20);RemoveObject;(9, 18);1;2573
12;0.375;;(16, 20);RemoveObject;(9, 18);1;2574
12;0.375;;(16, 20);RemoveObject;(9, 18);1;2575
12;0.375;;(16, 20);RemoveObject;(9, 18);1;2576
12;0.375;;(16, 20);RemoveObject;(9, 18);1;2577
12;0.375;;(16, 20);RemoveObject;(9, 18);1;2578
12;0.375;;(16, 20);RemoveObject;(9, 18);1;2579
12;0.375;;(16, 20);RemoveObject;(9, 18);1;2580
12;0.375;;(16, 20);RemoveObject;(9, 18);1;2581
12;0.375;;(16, 20);RemoveObject;(9, 18);1;2582
12;0.375;;(16, 20);RemoveObject;(9, 18);1;2583
12;0.375;;(16, 20);RemoveObject;(9, 18);1;2584
12;0.375;;(16, 20);RemoveObject;(9, 18);1;2585
12;0.375;;(16, 20);RemoveObject;(9, 18);1;2586
12;0.375;;(16, 20);RemoveObject;(9, 18);1;2587
12;0.375;;(16, 20);RemoveObject;(9, 18);1;2588
12;0.375;;(16, 20);RemoveObject;(9, 18);1;2589
12;0.375;;(16, 20);RemoveObject;(9, 18);1;2590
12;0.375;;(16, 20);RemoveObject;(9, 18);1;2591
12;0.375;;(16, 20);RemoveObject;(9, 18);1;2592
12;0.375;;(16, 20);RemoveObject;(9, 18);1;2593
12;0.375;;(16, 20);RemoveObject;(9, 18);1;2594
12;0.375;;(16, 20);RemoveObject;(9, 18);1;2595
12;0.375;;(16, 20);RemoveObject;(9, 18);1;2596
12;0.375;;(16, 20);RemoveObject;(9, 18);1;2597
12;0.375;;(16, 20);RemoveObject;(9, 18);1;2598
12;0.375;;(16, 20);RemoveObject;(9, 18);1;2599
12;0.375;;(16, 20);RemoveObject;(9, 18);1;2600
12;0.375;;(16, 20);RemoveObject;(9, 18);1;2601
12;0.375;;(16, 20);RemoveObject;(9, 18);1;2602
12;0.375;;(16, 20);RemoveObject;(9, 18);1;2603
12;0.375;;(16, 20);RemoveObject;(9, 18);1;2604
12;0.375;;(16, 20);RemoveObject;(9, 18);1;2605
12;0.375;;(16, 20);RemoveObject;(9, 18);1;2606
12;0.375;;(16, 20);RemoveObject;(9, 18);1;2607
12;0.375;;(16, 20);RemoveObject;(9, 18);1;2608
12;0.375;;(16, 20);RemoveObject;(9, 18);1;2609
12;0.375;;(16, 20);RemoveObject;(9, 18);1;2610
12;0.375;;(16, 20);RemoveObject;(9, 18);1;2611
12;0.375;;(16, 20);RemoveObject;(9, 18);1;2612
12;0.375;;(16, 20);RemoveObject;(9, 18);1;2613
12;0.375;;(16, 20);RemoveObject;(9, 18);1;2614
12;0.375;;(16, 20);RemoveObject;(9, 18);1;2615
12;0.375;;(16, 20);RemoveObject;(9, 18);1;2616
12;0.375;;(16, 20);RemoveObject;(9, 18);1;2617
12;0.375;;(16, 20);RemoveObject;(9, 18);1;2618
12;0.375;;(16, 20);RemoveObject;(9, 18);1;2619
12;0.375;;(16, 20);RemoveObject;(9, 18);1;2620
12;0.375;;(16, 20);RemoveObject;(9, 18);1;2621
12;0.375;;(16, 20);RemoveObject;(9, 18);1;2622
12;0.375;;(16, 20);RemoveObject;(9, 18);1;2623
12;0.375;;(16, 20);RemoveObject;(9, 18);1;2624
12;0.375;;(16, 20);RemoveObject;(9, 18);1;2625
12;0.375;;(16, 20);RemoveObject;(9, 18);1;2626
12;0.375;;(16, 20);RemoveObject;(9, 18);1;2627
12;0.375;;(16, 20);RemoveObject;(9, 18);1;2628
12;0.375;;(16, 20);RemoveObject;(9, 18);1;2629
12;0.375;;(16, 20);RemoveObject;(9, 18);1;2630
12;0.375;;(16, 20);RemoveObject;(9, 18);1;2631
12;0.375;;(16, 20);RemoveObject;(9, 18);1;2632
12;0.375;;(16, 20);RemoveObject;(9, 18);1;2633
12;0.375;;(16, 20);RemoveObject;(9, 18);1;2634
12;0.375;;(16, 20);RemoveObject;(9, 18);1;2635
12;0.375;;(16, 20);RemoveObject;(9, 18);1;2636
12;0.375;;(16, 20);RemoveObject;(9, 18);1;2637
12;0.375;;(16, 20);RemoveObject;(9, 18);1;2638
12;0.375;;(16, 20);RemoveObject;(9, 18);1;2639
12;0.375;;(16, 20);RemoveObject;(9, 18);1;2640
12;0.375;;(16, 20);RemoveObject;(9, 18);1;2641
12;0.375;;(16, 20);RemoveObject;(9, 18);1;2642
12;0.375;;(16, 20);RemoveObject;(9, 18);1;2643
12;0.375;;(16, 20);RemoveObject;(9, 18);1;2644
12;0.375;;(16, 20);RemoveObject;(9, 18);1;2645
12;0.375;;(16, 20);RemoveObject;(9, 18);1;2646
12;0.375;;(16, 20);RemoveObject;(9, 18);1;2647
12;0.375;;(16, 20);RemoveObject;(9, 18);1;2648
12;0.375;;(16, 20);RemoveObject;(9, 18);1;2649
12;0.375;;(16, 20);RemoveObject;(9, 18);1;2650
12;0.375;;(16, 20);RemoveObject;(9, 18);1;2651
12;0.375;;(16, 20);RemoveObject;(9, 18);1;2652
12;0.375;;(16, 20);RemoveObject;(9, 18);1;2653
12;0.375;;(16, 20);RemoveObject;(9, 18);1;2654
12;0.375;;(16, 20);RemoveObject;(9, 18);1;2655
12;0.375;;(16, 20);RemoveObject;(9, 18);1;2656
12;0.375;;(16, 20);RemoveObject;(9, 18);1;2657
12;0.375;;(16, 20);RemoveObject;(9, 18);1;2658
12;0.375;;(16, 20);RemoveObject;(9, 18);1;2659
12;0.375;;(16, 20);RemoveObject;(9, 18);1;2660
12;0.375;;(16, 20);RemoveObject;(9, 18);1;2661
12;0.375;;(16, 20);RemoveObject;(9, 18);1;2662
12;0.375;;(16, 20);RemoveObject;(9, 18);1;2663
12;0.375;;(16, 20);RemoveObject;(9, 18);1;2664
12;0.375;;(16, 20);RemoveObject;(9, 18);1;2665
12;0.375;;(16, 20);RemoveObject;(9, 18);1;2666
12;0.375;;(16, 20);RemoveObject;(9, 18);1;2667
12;0.375;;(16, 20);RemoveObject;(9, 18);1;2668
12;0.375;;(16, 20);RemoveObject;(9, 18);1;2669
12;0.375;;(16, 20);RemoveObject;(9, 18);1;2670
12;0.375;;(16, 20);RemoveObject;(9, 18);1;2671
12;0.375;;(16, 20);RemoveObject;(9, 18);1;2672
12;0.375;;(16, 20);RemoveObject;(9, 18);1;2673
12;0.375;;(16, 20);RemoveObject;(9, 18);1;2674
12;0.375;;(16, 20);RemoveObject;(9, 18);1;2675
12;0.375;;(16, 20);RemoveObject;(9, 18);1;2676
12;0.375;;(16, 20);RemoveObject;(9, 18);1;2677
12;0.375;;(16, 20);RemoveObject;(9, 18);1;2678
12;0.375;;(16, 20);RemoveObject;(9, 18);1;2679
12;0.375;;(16, 20);RemoveObject;(9, 18);1;2680
12;0.375;;(16, 20);RemoveObject;(9, 18);1;2681
12;0.375;;(16, 20);RemoveObject;(9, 18);1;2682
12;0.375;;(16, 20);RemoveObject;(9, 18);1;2683
12;0.375;;(16, 20);RemoveObject;(9, 18);1;2684
12;0.375;;(16, 20);RemoveObject;(9, 18);1;2685
12;0.375;;(16, 20);RemoveObject;(9, 18);1;2686
12;0.375;;(16, 20);RemoveObject;(9, 18);1;2687
12;0.375;;(16, 20);RemoveObject;(9, 18);1;2688
12;0.375;;(16, 20);RemoveObject;(9, 18);1;2689
12;0.375;;(16, 20);RemoveObject;(9, 18);1;2690
12;0.375;;(16, 20);RemoveObject;(9, 18);1;2691
12;0.375;;(16, 20);RemoveObject;(9, 18);1;2692
12;0.375;;(16, 20);RemoveObject;(9, 18);1;2693
12;0.375;;(16, 20);RemoveObject;(9, 18);1;2694
12;0.375;;(16, 20);RemoveObject;(9, 18);1;2695
12;0.375;;(16, 20);RemoveObject;(9, 18);1;2696
12;0.375;;(16, 20);RemoveObject;(9, 18);1;2697
12;0.375;;(16, 20);RemoveObject;(9, 18);1;2698
12;0.375;;(16, 20);RemoveObject;(9, 18);1;2699
12;0.375;;(16, 20);RemoveObject;(9, 18);1;2700
12;0.375;;(16, 20);RemoveObject;(9, 18);1;2701
12;0.375;;(16, 20);RemoveObject;(9, 18);1;2702
12;0.375;;(16, 20);RemoveObject;(9, 18);1;2703
12;0.375;;(16, 20);RemoveObject;(9, 18);1;2704
12;0.375;;(16, 20);RemoveObject;(9, 18);1;2705
12;0.375;;(16, 20);RemoveObject;(9, 18);1;2706
12;0.375;;(16, 20);RemoveObject;(9, 18);1;2707
12;0.375;;(16, 20);RemoveObject;(9, 18);1;2708
12;0.375;;(16, 20);RemoveObject;(9, 18);1;2709
12;0.375;;(16, 20);RemoveObject;(9, 18);1;2710
12;0.375;;(16, 20);RemoveObject;(9, 18);1;2711
12;0.375;;(16, 20);RemoveObject;(9, 18);1;2712
12;0.375;;(16, 20);RemoveObject;(9, 18);1;2713
12;0.375;;(16, 20);RemoveObject;(9, 18);1;2714
12;0.375;;(16, 20);RemoveObject;(9, 18);1;2715
12;0.375;;(16, 20);RemoveObject;(9, 18);1;2716
12;0.375;;(16, 20);RemoveObject;(9, 18);1;2717
12;0.375;;(16, 20);RemoveObject;(9, 18);1;2718
12;0.375;;(16, 20);RemoveObject;(9, 18);1;2719
12;0.375;;(16, 20);RemoveObject;(9, 18);1;2720
12;0.375;;(16, 20);RemoveObject;(9, 18);1;2721
12;0.375;;(16, 20);RemoveObject;(9, 18);1;2722
12;0.375;;(16, 20);RemoveObject;(9, 18);1;2723
12;0.375;;(16, 20);RemoveObject;(9, 18);1;2724
12;0.375;;(16, 20);RemoveObject;(9, 18);1;2725
12;0.375;;(16, 20);RemoveObject;(9, 18);1;2726
12;0.375;;(16, 20);RemoveObject;(9, 18);1;2727
12;0.375;;(16, 20);RemoveObject;(9, 18);1;2728
12;0.375;;(16, 20);RemoveObject;(9, 18);1;2729
12;0.375;;(16, 20);RemoveObject;(9, 18);1;2730
12;0.375;;(16, 20);RemoveObject;(9, 18);1;2731
12;0.375;;(16, 20);RemoveObject;(9, 18);1;2732
12;0.375;;(16, 20);RemoveObject;(9, 18);1;2733
12;0.375;;(16, 20);RemoveObject;(9, 18);1;2734
12;0.375;;(16, 20);RemoveObject;(9, 18);1;2735
12;0.375;;(16, 20);RemoveObject;(9, 18);1;2736
12;0.375;;(16, 20);RemoveObject;(9, 18);1;2737
12;0.375;;(16, 20);RemoveObject;(9, 18);1;2738
12;0.375;;(16, 20);RemoveObject;(9, 18);1;2739
12;0.375;;(16, 20);RemoveObject;(9, 18);1;2740
12;0.375;;(16, 20);RemoveObject;(9, 18);1;2741
12;0.375;;(16, 20);;(9, 18);1;2742
12;0.375;Idle;(16, 20);;(9, 18);1;2743
12;0.375;Idle;(16, 20);;(9, 18);1;2744
12;0.375;Idle;(16, 20);;(9, 18);1;2745
12;0.375;Idle;(16, 20);;(9, 18);1;2746
12;0.375;Idle;(16, 20);;(9, 18);1;2747
12;0.375;Idle;(16, 20);;(9, 18);1;2748
12;0.375;Idle;(16, 20);;(9, 18);1;2749
12;0.375;Idle;(16, 20);;(9, 18);1;2750
12;0.375;Idle;(16, 20);;(9, 18);1;2751
12;0.375;Idle;(16, 20);;(9, 18);1;2752
12;0.375;Idle;(16, 20);;(9, 18);1;2753
12;0.375;Idle;(16, 20);;(9, 18);1;2754
12;0.375;Idle;(16, 20);;(9, 18);1;2755
12;0.375;Idle;(16, 20);;(9, 18);1;2756
12;0.375;Idle;(16, 20);;(9, 18);1;2757
12;0.375;Idle;(16, 20);;(9, 18);1;2758
12;0.375;Idle;(16, 20);;(9, 18);1;2759
12;0.375;Idle;(16, 20);;(9, 18);1;2760
12;0.375;Idle;(16, 20);;(9, 18);1;2761
12;0.375;Idle;(16, 20);;(9, 18);1;2762
12;0.375;Idle;(16, 20);;(9, 18);1;2763
12;0.375;Idle;(16, 20);;(9, 18);1;2764
12;0.375;Idle;(16, 20);;(9, 18);1;2765
12;0.375;Idle;(16, 20);;(9, 18);1;2766
12;0.375;Idle;(16, 20);;(9, 18);1;2767
12;0.375;Idle;(16, 20);;(9, 18);1;2768
12;0.375;MoveWest;(16, 20);;(9, 18);1;2769
12;0.375;MoveWest;(16, 20);;(9, 18);1;2770
12;0.375;MoveWest;(16, 20);;(9, 18);1;2771
12;0.375;MoveWest;(16, 20);;(9, 18);1;2772
12;0.375;MoveWest;(16, 20);;(9, 18);1;2773
12;0.375;MoveWest;(16, 20);;(9, 18);1;2774
12;0.375;MoveWest;(16, 20);;(9, 18);1;2775
12;0.375;MoveWest;(16, 20);;(9, 18);1;2776
12;0.375;MoveWest;(15, 20);;(9, 18);1;2777
12;0.375;MoveWest;(15, 20);;(9, 18);1;2778
12;0.375;MoveWest;(15, 20);;(9, 18);1;2779
12;0.375;MoveWest;(15, 20);;(9, 18);1;2780
12;0.375;MoveWest;(15, 20);;(9, 18);1;2781
12;0.375;MoveWest;(15, 20);;(9, 18);1;2782
12;0.375;MoveWest;(15, 20);;(9, 18);1;2783
12;0.375;MoveWest;(15, 20);;(9, 18);1;2784
12;0.375;MoveWest;(15, 20);;(9, 18);1;2785
12;0.375;MoveWest;(14, 20);;(9, 18);1;2786
12;0.375;CarryObject;(14, 20);;(9, 18);1;2787
12;0.375;CarryObject;(14, 20);;(9, 18);1;2788
12;0.375;CarryObject;(14, 20);;(9, 18);1;2789
12;0.375;CarryObject;(14, 20);;(9, 18);1;2790
12;0.375;CarryObject;(14, 20);;(9, 18);1;2791
12;0.375;CarryObject;(14, 20);;(9, 18);1;2792
12;0.375;CarryObject;(14, 20);;(9, 18);1;2793
12;0.375;CarryObject;(14, 20);;(9, 18);1;2794
12;0.375;CarryObject;(14, 20);;(9, 18);1;2795
12;0.375;CarryObject;(14, 20);;(9, 18);1;2796
12;0.375;CarryObject;(14, 20);;(9, 18);1;2797
12;0.375;CarryObject;(14, 20);;(9, 18);1;2798
12;0.375;CarryObject;(14, 20);;(9, 18);1;2799
12;0.375;CarryObject;(14, 20);;(9, 18);1;2800
12;0.375;CarryObject;(14, 20);MoveSouth;(9, 19);1;2801
12;0.375;CarryObject;(14, 20);;(9, 19);1;2802
12;0.375;CarryObject;(14, 20);;(9, 19);1;2803
12;0.375;CarryObject;(14, 20);;(9, 19);1;2804
12;0.375;CarryObject;(14, 20);MoveSouth;(9, 20);1;2805
12;0.375;CarryObject;(14, 20);;(9, 20);1;2806
12;0.375;CarryObject;(14, 20);;(9, 20);1;2807
12;0.375;CarryObject;(14, 20);;(9, 20);1;2808
12;0.375;CarryObject;(14, 20);;(9, 20);1;2809
12;0.375;CarryObject;(14, 20);MoveSouth;(9, 21);1;2810
12;0.375;CarryObject;(14, 20);;(9, 21);1;2811
12;0.375;CarryObject;(14, 20);;(9, 21);1;2812
12;0.375;CarryObject;(14, 20);;(9, 21);1;2813
12;0.375;CarryObject;(14, 20);;(9, 21);1;2814
12;0.375;CarryObject;(14, 20);MoveEast;(10, 21);1;2815
12;0.375;CarryObject;(14, 20);;(10, 21);1;2816
12;0.375;CarryObject;(14, 20);;(10, 21);1;2817
12;0.375;CarryObject;(14, 20);MoveWest;(9, 21);1;2818
12;0.375;CarryObject;(14, 20);;(9, 21);1;2819
12;0.375;CarryObject;(14, 20);;(9, 21);1;2820
12;0.375;CarryObject;(14, 20);;(9, 21);1;2821
12;0.375;CarryObject;(14, 20);;(9, 21);1;2822
12;0.375;CarryObject;(14, 20);;(9, 21);1;2823
12;0.375;CarryObject;(14, 20);;(9, 21);1;2824
12;0.375;CarryObject;(14, 20);;(9, 21);1;2825
12;0.375;CarryObject;(14, 20);MoveNorth;(9, 20);1;2826
12;0.375;CarryObject;(14, 20);;(9, 20);1;2827
12;0.375;CarryObject;(14, 20);;(9, 20);1;2828
12;0.375;CarryObject;(14, 20);MoveNorth;(9, 19);1;2829
12;0.375;CarryObject;(14, 20);;(9, 19);1;2830
12;0.375;CarryObject;(14, 20);;(9, 19);1;2831
12;0.375;CarryObject;(14, 20);MoveNorth;(9, 18);1;2832
12;0.375;CarryObject;(14, 20);;(9, 18);1;2833
12;0.375;CarryObject;(14, 20);;(9, 18);1;2834
12;0.375;CarryObject;(14, 20);;(9, 18);1;2835
12;0.375;CarryObject;(14, 20);;(9, 18);1;2836
12;0.375;CarryObject;(14, 20);MoveWest;(8, 18);1;2837
12;0.375;CarryObject;(14, 20);;(8, 18);1;2838
12;0.375;CarryObject;(14, 20);;(8, 18);1;2839
12;0.375;CarryObject;(14, 20);;(8, 18);1;2840
12;0.375;CarryObject;(14, 20);MoveWest;(7, 18);1;2841
12;0.375;CarryObject;(14, 20);MoveWest;(6, 18);1;2842
12;0.375;CarryObject;(14, 20);MoveWest;(5, 18);1;2843
12;0.375;CarryObject;(14, 20);MoveWest;(4, 18);1;2844
12;0.375;CarryObject;(14, 20);MoveWest;(3, 18);1;2845
12;0.375;CarryObject;(14, 20);MoveWest;(2, 18);1;2846
12;0.375;CarryObject;(14, 20);;(2, 18);1;2847
12;0.375;CarryObject;(14, 20);;(2, 18);1;2848
12;0.375;CarryObject;(14, 20);;(2, 18);1;2849
12;0.375;CarryObject;(14, 20);MoveSouth;(2, 18);1;2850
12;0.375;CarryObject;(14, 20);MoveEast;(3, 18);1;2851
12;0.375;CarryObject;(14, 20);;(3, 18);1;2852
12;0.375;CarryObject;(14, 20);;(3, 18);1;2853
12;0.375;CarryObject;(14, 20);;(3, 18);1;2854
12;0.375;CarryObject;(14, 20);MoveSouth;(3, 19);1;2855
12;0.375;CarryObject;(14, 20);;(3, 19);1;2856
12;0.375;CarryObject;(14, 20);;(3, 19);1;2857
12;0.375;CarryObject;(14, 20);;(3, 19);1;2858
12;0.375;CarryObject;(14, 20);MoveSouth;(3, 20);1;2859
12;0.375;CarryObject;(14, 20);MoveSouth;(3, 21);1;2860
12;0.375;CarryObject;(14, 20);;(3, 21);1;2861
12;0.375;CarryObject;(14, 20);MoveSouth;(3, 21);1;2862
12;0.375;CarryObject;(14, 20);;(3, 21);1;2863
12;0.375;CarryObject;(14, 20);;(3, 21);1;2864
12;0.375;CarryObject;(14, 20);;(3, 21);1;2865
12;0.375;CarryObject;(14, 20);;(3, 21);1;2866
12;0.375;CarryObject;(14, 20);;(3, 21);1;2867
12;0.375;CarryObject;(14, 20);;(3, 21);1;2868
12;0.375;CarryObject;(14, 20);;(3, 21);1;2869
12;0.375;CarryObject;(14, 20);;(3, 21);1;2870
12;0.375;CarryObject;(14, 20);;(3, 21);1;2871
12;0.375;CarryObject;(14, 20);;(3, 21);1;2872
12;0.375;CarryObject;(14, 20);;(3, 21);1;2873
12;0.375;CarryObject;(14, 20);;(3, 21);1;2874
12;0.375;CarryObject;(14, 20);;(3, 21);1;2875
12;0.375;CarryObject;(14, 20);;(3, 21);1;2876
12;0.375;CarryObject;(14, 20);;(3, 21);1;2877
12;0.375;CarryObject;(14, 20);MoveEast;(4, 21);1;2878
12;0.375;CarryObject;(14, 20);;(4, 21);1;2879
12;0.375;CarryObject;(14, 20);;(4, 21);1;2880
12;0.375;CarryObject;(14, 20);;(4, 21);1;2881
12;0.375;CarryObject;(14, 20);;(4, 21);1;2882
12;0.375;CarryObject;(14, 20);;(4, 21);1;2883
12;0.375;CarryObject;(14, 20);;(4, 21);1;2884
12;0.375;CarryObject;(14, 20);;(4, 21);1;2885
12;0.375;CarryObject;(14, 20);MoveWest;(3, 21);1;2886
12;0.375;CarryObject;(14, 20);;(3, 21);1;2887
12;0.375;CarryObject;(14, 20);;(3, 21);1;2888
12;0.375;CarryObject;(14, 20);;(3, 21);1;2889
12;0.375;CarryObject;(14, 20);;(3, 21);1;2890
12;0.375;CarryObject;(14, 20);;(3, 21);1;2891
12;0.375;CarryObject;(14, 20);;(3, 21);1;2892
12;0.375;CarryObject;(14, 20);;(3, 21);1;2893
12;0.375;CarryObject;(14, 20);;(3, 21);1;2894
12;0.375;CarryObject;(14, 20);;(3, 21);1;2895
12;0.375;CarryObject;(14, 20);;(3, 21);1;2896
12;0.375;CarryObject;(14, 20);;(3, 21);1;2897
12;0.375;CarryObject;(14, 20);;(3, 21);1;2898
12;0.375;CarryObject;(14, 20);;(3, 21);1;2899
12;0.375;CarryObject;(14, 20);;(3, 21);1;2900
12;0.375;CarryObject;(14, 20);;(3, 21);1;2901
12;0.375;CarryObject;(14, 20);;(3, 21);1;2902
12;0.375;CarryObject;(14, 20);;(3, 21);1;2903
12;0.375;CarryObject;(14, 20);;(3, 21);1;2904
12;0.375;CarryObject;(14, 20);;(3, 21);1;2905
12;0.375;CarryObject;(14, 20);;(3, 21);1;2906
12;0.375;CarryObject;(14, 20);;(3, 21);1;2907
12;0.375;CarryObject;(14, 20);;(3, 21);1;2908
12;0.375;CarryObject;(14, 20);;(3, 21);1;2909
12;0.375;CarryObject;(14, 20);;(3, 21);1;2910
12;0.375;CarryObject;(14, 20);;(3, 21);1;2911
12;0.375;CarryObject;(14, 20);;(3, 21);1;2912
12;0.375;CarryObject;(14, 20);;(3, 21);1;2913
12;0.375;CarryObject;(14, 20);;(3, 21);1;2914
12;0.375;CarryObject;(14, 20);;(3, 21);1;2915
12;0.375;CarryObject;(14, 20);;(3, 21);1;2916
12;0.375;CarryObject;(14, 20);;(3, 21);1;2917
12;0.375;CarryObject;(14, 20);;(3, 21);1;2918
12;0.375;CarryObject;(14, 20);;(3, 21);1;2919
12;0.375;CarryObject;(14, 20);;(3, 21);1;2920
12;0.375;CarryObject;(14, 20);;(3, 21);1;2921
12;0.375;CarryObject;(14, 20);;(3, 21);1;2922
12;0.375;CarryObject;(14, 20);;(3, 21);1;2923
12;0.375;CarryObject;(14, 20);;(3, 21);1;2924
12;0.375;CarryObject;(14, 20);;(3, 21);1;2925
12;0.375;CarryObject;(14, 20);;(3, 21);1;2926
12;0.375;CarryObject;(14, 20);;(3, 21);1;2927
12;0.375;CarryObject;(14, 20);;(3, 21);1;2928
12;0.375;CarryObject;(14, 20);;(3, 21);1;2929
12;0.375;CarryObject;(14, 20);;(3, 21);1;2930
12;0.375;CarryObject;(14, 20);;(3, 21);1;2931
12;0.375;CarryObject;(14, 20);;(3, 21);1;2932
12;0.375;CarryObject;(14, 20);;(3, 21);1;2933
12;0.375;CarryObject;(14, 20);;(3, 21);1;2934
12;0.375;CarryObject;(14, 20);;(3, 21);1;2935
12;0.375;CarryObject;(14, 20);;(3, 21);1;2936
12;0.375;CarryObject;(14, 20);;(3, 21);1;2937
12;0.375;MoveNorthEast;(14, 20);;(3, 21);1;2938
12;0.375;MoveNorthEast;(14, 20);;(3, 21);1;2939
12;0.375;MoveNorthEast;(14, 20);;(3, 21);1;2940
12;0.375;MoveNorthEast;(14, 20);;(3, 21);1;2941
12;0.375;MoveNorthEast;(14, 20);;(3, 21);1;2942
12;0.375;MoveNorthEast;(14, 20);;(3, 21);1;2943
12;0.375;MoveNorthEast;(14, 20);;(3, 21);1;2944
12;0.375;MoveNorthEast;(14, 20);;(3, 21);1;2945
12;0.375;MoveNorthEast;(15, 19);;(3, 21);1;2946
12;0.375;MoveNorthEast;(15, 19);;(3, 21);1;2947
12;0.375;MoveNorthEast;(15, 19);;(3, 21);1;2948
12;0.375;MoveNorthEast;(15, 19);;(3, 21);1;2949
12;0.375;MoveNorthEast;(15, 19);;(3, 21);1;2950
12;0.375;MoveNorthEast;(15, 19);;(3, 21);1;2951
12;0.375;MoveNorthEast;(15, 19);;(3, 21);1;2952
12;0.375;MoveNorthEast;(15, 19);;(3, 21);1;2953
12;0.375;MoveNorthEast;(15, 19);;(3, 21);1;2954
12;0.375;MoveNorthEast;(16, 18);;(3, 21);1;2955
12;0.375;MoveNorthEast;(16, 18);;(3, 21);1;2956
12;0.375;MoveNorthEast;(16, 18);;(3, 21);1;2957
12;0.375;MoveNorthEast;(16, 18);;(3, 21);1;2958
12;0.375;MoveNorthEast;(16, 18);;(3, 21);1;2959
12;0.375;MoveNorthEast;(16, 18);;(3, 21);1;2960
12;0.375;MoveNorthEast;(16, 18);;(3, 21);1;2961
12;0.375;MoveNorthEast;(16, 18);;(3, 21);1;2962
12;0.375;MoveNorthEast;(16, 18);;(3, 21);1;2963
12;0.375;MoveNorthEast;(17, 17);;(3, 21);1;2964
12;0.375;MoveNorthEast;(17, 17);;(3, 21);1;2965
12;0.375;MoveNorthEast;(17, 17);;(3, 21);1;2966
12;0.375;MoveNorthEast;(17, 17);;(3, 21);1;2967
12;0.375;MoveNorthEast;(17, 17);MoveEast;(4, 21);1;2968
12;0.375;MoveNorthEast;(17, 17);;(4, 21);1;2969
12;0.375;MoveNorthEast;(17, 17);;(4, 21);1;2970
12;0.375;MoveNorthEast;(17, 17);;(4, 21);1;2971
12;0.375;MoveNorthEast;(17, 17);;(4, 21);1;2972
12;0.375;MoveNorthEast;(17, 17);;(4, 21);1;2973
12;0.375;MoveNorthEast;(17, 17);;(4, 21);1;2974
12;0.375;MoveNorthEast;(17, 17);;(4, 21);1;2975
12;0.375;MoveNorthEast;(17, 17);;(4, 21);1;2976
12;0.375;MoveNorthEast;(17, 17);;(4, 21);1;2977
12;0.375;MoveNorthEast;(18, 16);;(4, 21);1;2978
12;0.375;MoveNorthEast;(18, 16);;(4, 21);1;2979
12;0.375;MoveNorthEast;(18, 16);;(4, 21);1;2980
12;0.375;MoveNorthEast;(18, 16);;(4, 21);1;2981
12;0.375;MoveNorthEast;(18, 16);;(4, 21);1;2982
12;0.375;MoveNorthEast;(18, 16);;(4, 21);1;2983
12;0.375;MoveNorthEast;(18, 16);;(4, 21);1;2984
12;0.375;MoveNorthEast;(18, 16);;(4, 21);1;2985
12;0.375;MoveNorthEast;(18, 16);;(4, 21);1;2986
12;0.375;MoveNorthEast;(18, 16);;(4, 21);1;2987
12;0.375;MoveNorthEast;(18, 16);;(4, 21);1;2988
12;0.375;MoveNorthEast;(18, 16);;(4, 21);1;2989
12;0.375;MoveNorthEast;(18, 16);;(4, 21);1;2990
12;0.375;MoveNorthEast;(18, 16);;(4, 21);1;2991
12;0.375;MoveNorthEast;(19, 15);;(4, 21);1;2992
12;0.375;MoveNorthEast;(19, 15);;(4, 21);1;2993
12;0.375;MoveNorthEast;(19, 15);;(4, 21);1;2994
12;0.375;MoveNorthEast;(19, 15);;(4, 21);1;2995
12;0.375;MoveNorthEast;(19, 15);;(4, 21);1;2996
12;0.375;MoveNorthEast;(19, 15);;(4, 21);1;2997
12;0.375;MoveNorthEast;(19, 15);;(4, 21);1;2998
12;0.375;MoveNorthEast;(19, 15);;(4, 21);1;2999
12;0.375;MoveNorthEast;(19, 15);;(4, 21);1;3000
12;0.375;MoveNorthEast;(20, 14);;(4, 21);1;3001
12;0.375;MoveEast;(20, 14);;(4, 21);1;3002
12;0.375;MoveEast;(20, 14);;(4, 21);1;3003
12;0.375;MoveEast;(20, 14);;(4, 21);1;3004
12;0.375;MoveEast;(20, 14);;(4, 21);1;3005
12;0.375;MoveEast;(20, 14);;(4, 21);1;3006
12;0.375;MoveEast;(20, 14);;(4, 21);1;3007
12;0.375;MoveEast;(20, 14);;(4, 21);1;3008
12;0.375;MoveEast;(20, 14);;(4, 21);1;3009
12;0.375;MoveEast;(21, 14);;(4, 21);1;3010
